[[  3.68234527e+01   2.16170719e+01   1.87624529e+05   3.69288443e+01
    1.43042312e+01   1.42876927e+05   3.64869424e+01   4.49666179e+01
    4.47476024e+04]
 [  3.71412096e+01   2.35425295e+01   1.97634316e+05   3.74242142e+01
    1.44400323e+01   1.39441041e+05   3.64630823e+01   4.53536699e+01
    5.81932747e+04]
 [  3.78254738e+01   2.41942922e+01   1.93886887e+05   3.84422474e+01
    1.46034701e+01   1.33445777e+05   3.64637215e+01   4.53695275e+01
    6.04411099e+04]
 [  3.84393355e+01   2.41371342e+01   1.93635182e+05   3.91731322e+01
    1.44417157e+01   1.32875334e+05   3.68346000e+01   4.53399848e+01
    6.07598477e+04]
 [  3.87938079e+01   2.41722316e+01   1.94109786e+05   3.95865742e+01
    1.45175989e+01   1.33294350e+05   3.70562345e+01   4.53331097e+01
    6.08154350e+04]
 [  3.88998743e+01   2.41874398e+01   1.94817697e+05   3.97430407e+01
    1.45096699e+01   1.33606914e+05   3.70594655e+01   4.53114460e+01
    6.12107835e+04]
 [  3.88695666e+01   2.41743042e+01   1.98210904e+05   3.96668578e+01
    1.45138590e+01   1.36020643e+05   3.71257554e+01   4.53033354e+01
    6.21902612e+04]
 [  3.87985309e+01   2.40762608e+01   1.99850543e+05   3.96166849e+01
    1.45562162e+01   1.37989344e+05   3.69735334e+01   4.53119420e+01
    6.18611993e+04]
 [  3.87636298e+01   2.40361252e+01   2.01942177e+05   3.96026673e+01
    1.45506914e+01   1.39675506e+05   3.68815158e+01   4.53136841e+01
    6.22666712e+04]
 [  3.87392895e+01   2.40233007e+01   2.03217010e+05   3.96315979e+01
    1.45342363e+01   1.40570688e+05   3.67370584e+01   4.53156012e+01
    6.26463215e+04]]
0.731522519747,0.755560591865,0.979477456081,0.0796504934582,0.245955987344,0.110277446684
