[[  2.86867152e+01   3.57668979e+01   1.99770581e+05   3.51091782e+01
    1.35019564e+01   7.06244098e+04   2.51745503e+01   4.79426236e+01
    1.29146171e+05]
 [  2.92199672e+01   3.49479047e+01   2.05902671e+05   3.60638689e+01
    1.34117964e+01   7.76273026e+04   2.50783020e+01   4.79807264e+01
    1.28275368e+05]
 [  2.92310365e+01   3.47654156e+01   2.09038088e+05   3.60179976e+01
    1.34558293e+01   7.98991019e+04   2.50319010e+01   4.79497906e+01
    1.29138986e+05]
 [  2.91967959e+01   3.48286246e+01   2.07278575e+05   3.58214253e+01
    1.33337752e+01   7.83688331e+04   2.51694472e+01   4.78961106e+01
    1.28909742e+05]
 [  2.90375993e+01   3.58767917e+01   2.01655655e+05   3.62468987e+01
    1.35288555e+01   7.03865255e+04   2.51719720e+01   4.78597583e+01
    1.31269129e+05]
 [  2.89826703e+01   3.55001749e+01   2.02679189e+05   3.54649822e+01
    1.34307750e+01   7.27530506e+04   2.53528544e+01   4.78580898e+01
    1.29926138e+05]
 [  2.90730835e+01   3.64938323e+01   1.97329174e+05   3.62538971e+01
    1.35477074e+01   6.53946971e+04   2.55138384e+01   4.78673180e+01
    1.31934477e+05]
 [  2.92163427e+01   3.66046253e+01   1.95847599e+05   3.63596004e+01
    1.35554042e+01   6.41131522e+04   2.57398277e+01   4.78223308e+01
    1.31734447e+05]
 [  2.90438554e+01   3.69092604e+01   1.93709537e+05   3.58731984e+01
    1.35072556e+01   6.20563248e+04   2.58247624e+01   4.79400767e+01
    1.31653212e+05]
 [  2.90901507e+01   3.67677945e+01   1.92296976e+05   3.57232040e+01
    1.34377826e+01   6.20366233e+04   2.59311525e+01   4.78787360e+01
    1.30260353e+05]]
0.155559346455,0.781761939999,0.367416307487,0.0662686130715,0.314350641659,0.0483327856858
