[[  3.37069863e+01   2.23931926e+01   1.64952612e+05   3.52206638e+01
    1.38579082e+01   1.22443269e+05   2.93470122e+01   4.69780971e+01
    4.25093425e+04]
 [  3.39458692e+01   2.33705562e+01   1.66950833e+05   3.56485980e+01
    1.39899893e+01   1.19507825e+05   2.96567353e+01   4.69999841e+01
    4.74430080e+04]
 [  3.42580340e+01   2.43836496e+01   1.67542712e+05   3.62811372e+01
    1.41652017e+01   1.15328229e+05   2.97895247e+01   4.69535465e+01
    5.22144829e+04]
 [  3.51319622e+01   2.51069540e+01   1.63277853e+05   3.74849558e+01
    1.44286626e+01   1.09684630e+05   3.03162930e+01   4.69612926e+01
    5.35932228e+04]
 [  3.54547428e+01   2.52756651e+01   1.65066578e+05   3.78642161e+01
    1.45265285e+01   1.10510747e+05   3.05740054e+01   4.70496000e+01
    5.45558314e+04]
 [  3.54192314e+01   2.56425959e+01   1.68452179e+05   3.80611274e+01
    1.45426016e+01   1.10882373e+05   3.03308056e+01   4.70217491e+01
    5.75698061e+04]
 [  3.51918916e+01   2.57150298e+01   1.72611627e+05   3.79668482e+01
    1.45263330e+01   1.12947505e+05   2.99387443e+01   4.68958557e+01
    5.96641223e+04]
 [  3.51779107e+01   2.56589841e+01   1.74942458e+05   3.78900175e+01
    1.45141935e+01   1.14706610e+05   3.00132690e+01   4.68819134e+01
    6.02358485e+04]
 [  3.50817868e+01   2.57074062e+01   1.77576515e+05   3.78446989e+01
    1.45013358e+01   1.16110207e+05   2.98626303e+01   4.68757369e+01
    6.14663085e+04]
 [  3.48605135e+01   2.57608023e+01   1.81060383e+05   3.76867503e+01
    1.44976824e+01   1.18013092e+05   2.95703109e+01   4.68433197e+01
    6.30472909e+04]]
0.592832235593,1.10718094694,1.00743906637,0.241426798548,0.360392896444,0.065427642649
