[[  2.92266880e+01   2.90387964e+01   1.53955250e+05   3.17168020e+01
    1.46443796e+01   8.07294717e+04   2.64814035e+01   4.49082578e+01
    7.32257783e+04]
 [  2.94853858e+01   2.91723400e+01   1.50749631e+05   3.24234323e+01
    1.46939997e+01   7.84899628e+04   2.62940182e+01   4.48990161e+01
    7.22596679e+04]
 [  2.95734526e+01   2.89148714e+01   1.50260493e+05   3.26050010e+01
    1.47026012e+01   7.96596268e+04   2.61529277e+01   4.49507107e+01
    7.06008661e+04]
 [  2.89966503e+01   2.83938935e+01   1.58151924e+05   3.15249113e+01
    1.45196795e+01   8.60738062e+04   2.59774670e+01   4.49621176e+01
    7.20781177e+04]
 [  2.88868407e+01   2.87050898e+01   1.60241052e+05   3.16079451e+01
    1.44386630e+01   8.55448597e+04   2.57705307e+01   4.50435326e+01
    7.46961923e+04]
 [  2.88942339e+01   2.87804281e+01   1.61326263e+05   3.16407492e+01
    1.44949994e+01   8.59098850e+04   2.57655659e+01   4.50535451e+01
    7.54163778e+04]
 [  2.90363353e+01   2.88468067e+01   1.60869718e+05   3.19252999e+01
    1.45023743e+01   8.53376061e+04   2.57723284e+01   4.50534173e+01
    7.55321119e+04]
 [  2.91908247e+01   2.85228433e+01   1.61207413e+05   3.19794286e+01
    1.44237405e+01   8.68312147e+04   2.59352420e+01   4.49829777e+01
    7.43761979e+04]
 [  2.93637795e+01   2.87892036e+01   1.63306246e+05   3.24130274e+01
    1.47138241e+01   8.75288822e+04   2.58416555e+01   4.50473864e+01
    7.57773640e+04]
 [  2.93271703e+01   2.86733709e+01   1.64709891e+05   3.22546358e+01
    1.46976548e+01   8.88494807e+04   2.58984544e+01   4.50420554e+01
    7.58604100e+04]]
0.228990925661,0.218103651713,0.370756206323,0.111849878972,0.232357406978,0.0583726222696
