[[  3.88153565e+01   2.19920692e+01   1.50234614e+05   3.95309831e+01
    1.43779715e+01   1.12791570e+05   3.66596383e+01   4.49283999e+01
    3.74430438e+04]
 [  3.91451211e+01   2.28523732e+01   1.52504036e+05   3.99682622e+01
    1.45112405e+01   1.11001874e+05   3.69435440e+01   4.51616049e+01
    4.15021624e+04]
 [  3.86401757e+01   2.30378676e+01   1.58648019e+05   3.93077119e+01
    1.46390189e+01   1.14962987e+05   3.68834651e+01   4.51405583e+01
    4.36850313e+04]
 [  3.96519407e+01   2.33814616e+01   1.54300434e+05   4.05897819e+01
    1.46369410e+01   1.10070480e+05   3.73180328e+01   4.51430393e+01
    4.42299539e+04]
 [  4.01176824e+01   2.34996562e+01   1.53603427e+05   4.11837312e+01
    1.47090408e+01   1.09225187e+05   3.74938879e+01   4.51354085e+01
    4.43782400e+04]
 [  4.06219299e+01   2.30734370e+01   1.52104998e+05   4.12939616e+01
    1.47272214e+01   1.10226907e+05   3.88530819e+01   4.50414287e+01
    4.18780904e+04]
 [  4.01694111e+01   2.34355818e+01   1.57094478e+05   4.12564743e+01
    1.47215245e+01   1.12078941e+05   3.74628589e+01   4.51316982e+01
    4.50155365e+04]
 [  3.99466084e+01   2.32475535e+01   1.59801251e+05   4.09197279e+01
    1.46871898e+01   1.14874864e+05   3.74583833e+01   4.51360402e+01
    4.49263866e+04]
 [  3.97111487e+01   2.41504900e+01   1.68493133e+05   4.09147889e+01
    1.46852168e+01   1.16314835e+05   3.70280176e+01   4.52502907e+01
    5.21782978e+04]
 [  3.96166635e+01   2.41415157e+01   1.70136818e+05   4.08794135e+01
    1.46723861e+01   1.17469908e+05   3.68001868e+01   4.52617559e+01
    5.26669095e+04]]
0.591342687104,0.593858249234,0.68864129087,0.104635080782,0.594560693848,0.0903186362435
