[[  3.16349738e+01   2.82466026e+01   1.23448298e+05   3.17467253e+01
    1.23419188e+01   6.22609693e+04   3.15212614e+01   4.44303623e+01
    6.11873289e+04]
 [  3.16556891e+01   2.81847363e+01   1.24197788e+05   3.18274771e+01
    1.23560073e+01   6.29157410e+04   3.14793214e+01   4.44354372e+01
    6.12820466e+04]
 [  3.11008269e+01   2.85706014e+01   1.26664291e+05   3.18871047e+01
    1.23250089e+01   6.28271759e+04   3.03269885e+01   4.45591796e+01
    6.38371151e+04]
 [  3.15745438e+01   2.76496627e+01   1.22656496e+05   3.17229539e+01
    1.22435476e+01   6.40869357e+04   3.14121532e+01   4.45070661e+01
    5.85695605e+04]
 [  3.15543406e+01   2.75929349e+01   1.22595986e+05   3.17485072e+01
    1.22511944e+01   6.42563000e+04   3.13404823e+01   4.44905829e+01
    5.83396857e+04]
 [  3.08533626e+01   2.80178051e+01   1.26965005e+05   3.16756328e+01
    1.22416698e+01   6.43862877e+04   3.00073414e+01   4.42496302e+01
    6.25787170e+04]
 [  3.03141614e+01   2.79979499e+01   1.24848494e+05   3.14553661e+01
    1.21829991e+01   6.33473613e+04   2.91386983e+01   4.42876566e+01
    6.15011323e+04]
 [  2.95769351e+01   2.91206644e+01   1.27547354e+05   3.13500832e+01
    1.19999590e+01   5.99568287e+04   2.80040469e+01   4.43077515e+01
    6.75905253e+04]
 [  2.91663689e+01   2.90664127e+01   1.30660536e+05   3.05618683e+01
    1.21607787e+01   6.18377211e+04   2.79125040e+01   4.42562286e+01
    6.88228145e+04]
 [  2.91886854e+01   2.91029751e+01   1.32551330e+05   3.06882634e+01
    1.21855250e+01   6.25924981e+04   2.78470058e+01   4.42390977e+01
    6.99588323e+04]]
0.974588061058,0.553034312353,0.448604448113,0.100041912361,1.48382331746,0.11483407926
