[[  3.34859530e+01   3.31568561e+01   2.18918880e+05   3.41540312e+01
    1.56209470e+01   8.49817899e+04   3.30620639e+01   4.42832210e+01
    1.33937090e+05]
 [  3.34988111e+01   3.38875365e+01   2.15819668e+05   3.37681175e+01
    1.57176070e+01   7.86958044e+04   3.33442553e+01   4.43153145e+01
    1.37123864e+05]
 [  3.24815637e+01   3.49555322e+01   2.09978240e+05   3.15363530e+01
    1.52226062e+01   6.80087419e+04   3.29343552e+01   4.44083477e+01
    1.41969498e+05]
 [  3.24926745e+01   3.50650920e+01   2.14350542e+05   3.12790029e+01
    1.51215565e+01   6.83676883e+04   3.30610694e+01   4.44051849e+01
    1.45982854e+05]
 [  3.27230818e+01   3.49164863e+01   2.16395771e+05   3.17129165e+01
    1.52107758e+01   7.03829743e+04   3.32100147e+01   4.44152873e+01
    1.46012797e+05]
 [  3.27969177e+01   3.45530098e+01   2.18776254e+05   3.22567593e+01
    1.50137129e+01   7.33417793e+04   3.30693165e+01   4.44065661e+01
    1.45434475e+05]
 [  3.33610850e+01   3.41917569e+01   2.17941286e+05   3.23347964e+01
    1.51249651e+01   7.67525909e+04   3.39189931e+01   4.45567913e+01
    1.41188695e+05]
 [  3.35944711e+01   3.41279661e+01   2.20602529e+05   3.27146033e+01
    1.52086590e+01   7.82631085e+04   3.40782527e+01   4.45304518e+01
    1.42339421e+05]
 [  3.38085398e+01   3.39484713e+01   2.22792754e+05   3.32234874e+01
    1.52794122e+01   8.05399130e+04   3.41397815e+01   4.45184140e+01
    1.42252841e+05]
 [  3.41167459e+01   3.38013820e+01   2.24688218e+05   3.37567886e+01
    1.54309003e+01   8.26082795e+04   3.43260326e+01   4.44823685e+01
    1.42079938e+05]]
0.543764149358,0.577398619779,0.965229939041,0.21481530319,0.509680528638,0.0855715894606
