[[  3.65098163e+01   3.09540239e+01   1.08576466e+05   3.85875848e+01
    1.38186336e+01   4.44768560e+04   3.50681131e+01   4.28437730e+01
    6.40996103e+04]
 [  3.63975087e+01   3.08710991e+01   1.13519964e+05   3.86924503e+01
    1.38341209e+01   4.66366139e+04   3.47972852e+01   4.27506920e+01
    6.68833498e+04]
 [  3.63560608e+01   3.02202589e+01   1.16233269e+05   3.88493278e+01
    1.39487052e+01   5.03836396e+04   3.44483831e+01   4.26701406e+01
    6.58496298e+04]
 [  3.50562923e+01   2.98774165e+01   1.16168144e+05   3.77759667e+01
    1.39056847e+01   5.19349138e+04   3.28573362e+01   4.27911453e+01
    6.42332302e+04]
 [  3.39780334e+01   3.00896225e+01   1.20459882e+05   3.60620722e+01
    1.37619968e+01   5.25492182e+04   3.23654058e+01   4.27239264e+01
    6.79106641e+04]
 [  3.35900233e+01   2.98283130e+01   1.22217935e+05   3.55765769e+01
    1.37669518e+01   5.43836688e+04   3.19973759e+01   4.27049283e+01
    6.78342663e+04]
 [  3.37361160e+01   2.97842492e+01   1.26059583e+05   3.57811588e+01
    1.38306787e+01   5.63375621e+04   3.20836577e+01   4.26752305e+01
    6.97220207e+04]
 [  3.38207961e+01   2.97202990e+01   1.27949612e+05   3.57568092e+01
    1.38330666e+01   5.72859332e+04   3.22513007e+01   4.25998285e+01
    7.06636786e+04]
 [  3.36973707e+01   2.97314108e+01   1.30086208e+05   3.57242646e+01
    1.38460377e+01   5.81691828e+04   3.20579431e+01   4.25800955e+01
    7.19170248e+04]
 [  3.36988470e+01   2.96971359e+01   1.31197590e+05   3.57260116e+01
    1.38470483e+01   5.88233556e+04   3.20512355e+01   4.25795566e+01
    7.23742344e+04]]
1.20361325214,0.447078437002,1.3556917272,0.0531592095305,1.19252960646,0.0848037438909
