[[  3.76507192e+01   2.86281779e+01   8.02869511e+04   4.03048814e+01
    1.63224054e+01   4.58476489e+04   3.41173406e+01   4.50103547e+01
    3.44393023e+04]
 [  3.78009327e+01   2.92492704e+01   7.83551906e+04   4.09551342e+01
    1.63210314e+01   4.30728412e+04   3.39502701e+01   4.50321192e+01
    3.52823494e+04]
 [  3.77869204e+01   2.91462382e+01   8.07246879e+04   4.09592021e+01
    1.62806444e+01   4.46028004e+04   3.38698315e+01   4.50324930e+01
    3.61218876e+04]
 [  3.78088757e+01   2.90688543e+01   8.21186600e+04   4.10267895e+01
    1.63014034e+01   4.56402037e+04   3.37827666e+01   4.50429146e+01
    3.64784563e+04]
 [  3.77029285e+01   2.91007510e+01   8.26703007e+04   4.08863247e+01
    1.62700214e+01   4.58085780e+04   3.37468776e+01   4.50456779e+01
    3.68617228e+04]
 [  3.56546310e+01   2.96814364e+01   7.70237451e+04   3.74817272e+01
    1.54114934e+01   3.99302393e+04   3.36878073e+01   4.50426761e+01
    3.70935058e+04]
 [  3.49083247e+01   2.98116140e+01   7.73361468e+04   3.61876178e+01
    1.51462045e+01   3.93956479e+04   3.35799663e+01   4.50394925e+01
    3.79404989e+04]
 [  3.45827485e+01   2.97627603e+01   7.76218320e+04   3.61748216e+01
    1.51140090e+01   3.98422220e+04   3.29037547e+01   4.52112734e+01
    3.77796101e+04]
 [  3.50313361e+01   2.97603248e+01   7.89519524e+04   3.70654594e+01
    1.53007013e+01   4.07921911e+04   3.28568900e+01   4.52174373e+01
    3.81597613e+04]
 [  3.49337010e+01   2.96545897e+01   8.05315150e+04   3.68925337e+01
    1.53301415e+01   4.19526880e+04   3.28035611e+01   4.52317639e+01
    3.85788270e+04]]
1.38699063928,0.381452408554,2.07324244576,0.525612346204,0.463506363266,0.0854478209254
