[[  3.22491008e+01   3.04427919e+01   1.38796574e+05   3.32320842e+01
    1.37423114e+01   5.75258822e+04   3.15533152e+01   4.22639029e+01
    8.12706920e+04]
 [  3.26586756e+01   2.99705107e+01   1.40206911e+05   3.35625834e+01
    1.38320723e+01   6.01237049e+04   3.19800528e+01   4.20866927e+01
    8.00832062e+04]
 [  3.31163822e+01   2.91196446e+01   1.40969661e+05   3.37182665e+01
    1.38584030e+01   6.42092129e+04   3.26129130e+01   4.18854938e+01
    7.67604484e+04]
 [  3.34099936e+01   2.88354120e+01   1.40243367e+05   3.39044234e+01
    1.38851141e+01   6.52239430e+04   3.29801228e+01   4.18336107e+01
    7.50194239e+04]
 [  3.32090150e+01   2.88446164e+01   1.44128467e+05   3.36723442e+01
    1.38204504e+01   6.68139650e+04   3.28086132e+01   4.18282622e+01
    7.73145016e+04]
 [  3.29380785e+01   2.84636914e+01   1.47280381e+05   3.32966250e+01
    1.37401384e+01   7.01639058e+04   3.26118574e+01   4.18598169e+01
    7.71164750e+04]
 [  3.30084649e+01   2.82084736e+01   1.48267775e+05   3.36115488e+01
    1.37939790e+01   7.20543263e+04   3.24382924e+01   4.18363400e+01
    7.62134487e+04]
 [  3.31074425e+01   2.80075126e+01   1.49166500e+05   3.37739321e+01
    1.38311862e+01   7.34990080e+04   3.24600533e+01   4.17775729e+01
    7.56674922e+04]
 [  3.31221577e+01   2.79781160e+01   1.50731817e+05   3.37996342e+01
    1.38352793e+01   7.43149242e+04   3.24633163e+01   4.17319313e+01
    7.64168928e+04]
 [  3.28538252e+01   2.79438321e+01   1.52696068e+05   3.34858097e+01
    1.37849541e+01   7.53551109e+04   3.22380679e+01   4.17391595e+01
    7.73409569e+04]]
0.307690447676,0.816725204329,0.205826112005,0.0446750184659,0.389885620046,0.157906472234
