[[  3.23069067e+01   2.47331884e+01   8.75104588e+04   3.34065707e+01
    1.50078743e+01   5.93290771e+04   2.99918304e+01   4.52074828e+01
    2.81813817e+04]
 [  3.23134886e+01   2.45361090e+01   9.05721292e+04   3.33321835e+01
    1.48500524e+01   6.16777515e+04   3.01389890e+01   4.52119026e+01
    2.88943777e+04]
 [  3.23512350e+01   2.44866103e+01   9.22264245e+04   3.33850288e+01
    1.48846549e+01   6.30202734e+04   3.01205415e+01   4.52054599e+01
    2.92061511e+04]
 [  3.22916932e+01   2.43771227e+01   9.38715151e+04   3.33235419e+01
    1.48593695e+01   6.44274829e+04   3.00338702e+01   4.52032404e+01
    2.94440323e+04]
 [  3.23016395e+01   2.38874615e+01   9.27641369e+04   3.35450635e+01
    1.48629871e+01   6.51174261e+04   2.93729520e+01   4.51431744e+01
    2.76467107e+04]
 [  3.24595505e+01   2.37006119e+01   9.40229536e+04   3.36990086e+01
    1.49015479e+01   6.66439597e+04   2.94425516e+01   4.51186550e+01
    2.73789938e+04]
 [  3.25234281e+01   2.35710137e+01   9.52765294e+04   3.37470919e+01
    1.49094467e+01   6.79571341e+04   2.94795581e+01   4.51167057e+01
    2.73193953e+04]
 [  3.25709136e+01   2.36186912e+01   9.60313520e+04   3.37882834e+01
    1.49362424e+01   6.84129106e+04   2.95553990e+01   4.51257554e+01
    2.76184414e+04]
 [  3.24234649e+01   2.41848744e+01   1.00670523e+05   3.36560688e+01
    1.48635148e+01   6.97439127e+04   2.96437674e+01   4.52058688e+01
    3.09266099e+04]
 [  3.24678744e+01   2.42035119e+01   1.02207010e+05   3.34854471e+01
    1.48264051e+01   7.05248068e+04   3.02027506e+01   4.50770173e+01
    3.16822036e+04]]
0.0964744087726,0.392748995523,0.166748241068,0.0495801234635,0.311189915977,0.0478447629625
