[[  3.63414357e+01   2.43990746e+01   9.92215431e+04   3.72868783e+01
    1.37659036e+01   6.01033679e+04   3.48888043e+01   4.07364773e+01
    3.91181752e+04]
 [  3.61057233e+01   2.42421142e+01   1.01532389e+05   3.69997597e+01
    1.36004308e+01   6.17325285e+04   3.47190065e+01   4.07481525e+01
    3.97998606e+04]
 [  3.58337541e+01   2.41627249e+01   1.02463858e+05   3.69209022e+01
    1.35708719e+01   6.26296767e+04   3.41244750e+01   4.08158683e+01
    3.98341811e+04]
 [  3.54014456e+01   2.40402649e+01   1.04300639e+05   3.63912109e+01
    1.35107405e+01   6.41234748e+04   3.38217624e+01   4.08455747e+01
    4.01771643e+04]
 [  3.50265259e+01   2.37600377e+01   1.06046929e+05   3.59330569e+01
    1.34327722e+01   6.61982647e+04   3.35205586e+01   4.09161223e+01
    3.98486640e+04]
 [  3.51097363e+01   2.38370712e+01   1.06072941e+05   3.61209640e+01
    1.34058441e+01   6.58409167e+04   3.34548317e+01   4.09080876e+01
    4.02320244e+04]
 [  3.50062351e+01   2.36983663e+01   1.07560189e+05   3.59141148e+01
    1.33376234e+01   6.71161802e+04   3.34996234e+01   4.08918521e+01
    4.04440087e+04]
 [  3.49875177e+01   2.35505600e+01   1.08656416e+05   3.58087922e+01
    1.33425794e+01   6.83459888e+04   3.35950538e+01   4.08581048e+01
    4.03104275e+04]
 [  3.51555792e+01   2.41280925e+01   1.12042081e+05   3.58360762e+01
    1.33676150e+01   6.80309109e+04   3.41036909e+01   4.07612582e+01
    4.40111703e+04]
 [  3.49749144e+01   2.35336883e+01   1.08962293e+05   3.57381742e+01
    1.33237696e+01   6.85059044e+04   3.36824658e+01   4.08224216e+01
    4.04563883e+04]]
0.485956007842,0.285473403408,0.542673750403,0.136878941068,0.487076857577,0.0622891505456
