[[  3.23717366e+01   2.79382564e+01   7.57931705e+04   3.19117676e+01
    1.38536230e+01   4.35893251e+04   3.29943249e+01   4.70024291e+01
    3.22038454e+04]
 [  3.21424109e+01   2.77416904e+01   7.67109754e+04   3.15873943e+01
    1.39729564e+01   4.47735823e+04   3.29204983e+01   4.70443161e+01
    3.19373931e+04]
 [  3.21416449e+01   2.77052542e+01   7.93120837e+04   3.18955236e+01
    1.38179608e+01   4.61283159e+04   3.24837748e+01   4.70097967e+01
    3.31837678e+04]
 [  3.18352649e+01   2.75436505e+01   8.05595675e+04   3.14327742e+01
    1.37573518e+01   4.71955251e+04   3.24046132e+01   4.70452324e+01
    3.33640424e+04]
 [  3.14440996e+01   2.69134296e+01   7.87342027e+04   3.08978120e+01
    1.36679167e+01   4.77118826e+04   3.22842822e+01   4.72848381e+01
    3.10223201e+04]
 [  2.95299899e+01   2.80838775e+01   7.66327729e+04   2.71441821e+01
    1.34473520e+01   4.30065235e+04   3.25813353e+01   4.68033627e+01
    3.36262494e+04]
 [  2.90931316e+01   2.80360380e+01   7.80126879e+04   2.64794066e+01
    1.36878985e+01   4.42313580e+04   3.25153949e+01   4.68226784e+01
    3.37813299e+04]
 [  2.89622930e+01   2.74038478e+01   7.70312337e+04   2.66423414e+01
    1.35907715e+01   4.54165727e+04   3.22950584e+01   4.72472547e+01
    3.16146610e+04]
 [  2.87740462e+01   2.72668516e+01   7.68112326e+04   2.64689026e+01
    1.36546063e+01   4.57403021e+04   3.21675063e+01   4.73057819e+01
    3.10709305e+04]
 [  2.95166103e+01   2.65511289e+01   7.67478214e+04   2.77955764e+01
    1.37478265e+01   4.73834081e+04   3.22937287e+01   4.72109698e+01
    2.93644132e+04]]
1.43996770276,0.471953967564,2.36180912899,0.1388034505,0.260513252643,0.171516573783
