[[  3.21719223e+01   2.23058201e+01   1.03193582e+05   3.24778048e+01
    1.29812256e+01   7.20675290e+04   3.14636989e+01   4.38954668e+01
    3.11260529e+04]
 [  3.21807426e+01   2.20917196e+01   1.04068838e+05   3.26251288e+01
    1.30043559e+01   7.35165118e+04   3.11114389e+01   4.39581816e+01
    3.05523264e+04]
 [  3.17974393e+01   2.17022795e+01   1.06747927e+05   3.22487256e+01
    1.29387819e+01   7.66103201e+04   3.06502616e+01   4.39792428e+01
    3.01376065e+04]
 [  3.17329259e+01   2.15502015e+01   1.08227580e+05   3.21786230e+01
    1.29378816e+01   7.81979722e+04   3.05723178e+01   4.39769334e+01
    3.00296076e+04]
 [  3.16732405e+01   2.14335935e+01   1.10422220e+05   3.20916236e+01
    1.29288018e+01   8.01614698e+04   3.05649334e+01   4.39629949e+01
    3.02607505e+04]
 [  3.19106575e+01   2.14736510e+01   1.10888701e+05   3.23282602e+01
    1.29117687e+01   8.02500798e+04   3.08168533e+01   4.38993255e+01
    3.06386211e+04]
 [  3.19140534e+01   2.14150074e+01   1.11787406e+05   3.23500240e+01
    1.29366132e+01   8.11550904e+04   3.07590238e+01   4.38770652e+01
    3.06323155e+04]
 [  3.18003556e+01   2.12817012e+01   1.12207945e+05   3.22623031e+01
    1.29587729e+01   8.20847114e+04   3.05415654e+01   4.39613771e+01
    3.01232335e+04]
 [  3.18033128e+01   2.12472968e+01   1.12552216e+05   3.22706205e+01
    1.29166132e+01   8.23500178e+04   3.05291410e+01   4.39619328e+01
    3.02021983e+04]
 [  3.18101707e+01   2.13651937e+01   1.13481144e+05   3.22924107e+01
    1.29243886e+01   8.26354460e+04   3.05182526e+01   4.39780614e+01
    3.08456982e+04]]
0.16311296984,0.333144585075,0.142187416675,0.0278755592893,0.294309096023,0.0367323729622
