[[  4.12798356e+01   3.64698097e+01   9.14203883e+04   3.52364862e+01
    1.53485762e+01   2.28766701e+04   4.32968214e+01   4.35190844e+01
    6.85437182e+04]
 [  4.19479745e+01   3.50229666e+01   1.02926604e+05   3.91155110e+01
    1.77461280e+01   3.39197339e+04   4.33402476e+01   4.35152481e+01
    6.90068702e+04]
 [  4.13227978e+01   3.64652491e+01   9.21840823e+04   3.53517497e+01
    1.53446103e+01   2.30738468e+04   4.33163527e+01   4.35168006e+01
    6.91102355e+04]
 [  4.13282559e+01   3.64602738e+01   9.25043359e+04   3.53326534e+01
    1.53338468e+01   2.31577540e+04   4.33304409e+01   4.35152805e+01
    6.93465819e+04]
 [  4.13312567e+01   3.64466671e+01   9.24849160e+04   3.53694422e+01
    1.53451399e+01   2.32098685e+04   4.33286993e+01   4.35165096e+01
    6.92750475e+04]
 [  4.13508154e+01   3.64557042e+01   9.27897744e+04   3.53762202e+01
    1.53502878e+01   2.32546464e+04   4.33489004e+01   4.35139928e+01
    6.95351279e+04]
 [  4.19346489e+01   3.50166689e+01   1.03606559e+05   3.90760738e+01
    1.76661449e+01   3.40667408e+04   4.33350313e+01   4.35164870e+01
    6.95398180e+04]
 [  4.19380659e+01   3.50608007e+01   1.03553222e+05   3.90038612e+01
    1.75996282e+01   3.37787734e+04   4.33585548e+01   4.35139953e+01
    6.97744491e+04]
 [  4.19232361e+01   3.49540890e+01   1.04488307e+05   3.89167905e+01
    1.76709157e+01   3.45946357e+04   4.34113093e+01   4.35085844e+01
    6.98936709e+04]
 [  4.22768195e+01   3.51177519e+01   1.07354144e+05   3.89956883e+01
    1.75930693e+01   3.42802757e+04   4.38160576e+01   4.33388981e+01
    7.30738682e+04]]
0.354581404438,0.713584556002,1.84512992894,1.15602382198,0.145442206429,0.0529272537615
