[[  4.01955772e+01   3.37074646e+01   1.38037494e+05   3.87604649e+01
    1.57940088e+01   5.19467710e+04   4.10615179e+01   4.45163666e+01
    8.60907229e+04]
 [  3.97256388e+01   3.65969373e+01   1.33909112e+05   3.63501175e+01
    1.55476396e+01   3.77696935e+04   4.10517588e+01   4.48664436e+01
    9.61394184e+04]
 [  3.89953646e+01   3.70239479e+01   1.38022419e+05   3.54476815e+01
    1.49807406e+01   3.65536984e+04   4.02734032e+01   4.49649247e+01
    1.01468721e+05]
 [  4.00384033e+01   3.69340420e+01   1.34339612e+05   3.57478581e+01
    1.49213570e+01   3.57147297e+04   4.15921254e+01   4.49054289e+01
    9.86248826e+04]
 [  3.98269449e+01   3.65438671e+01   1.37593894e+05   3.53379811e+01
    1.49255176e+01   3.83230562e+04   4.15598890e+01   4.48895329e+01
    9.92708374e+04]
 [  3.93550699e+01   3.69657998e+01   1.31924215e+05   3.33099628e+01
    1.42303724e+01   3.41645180e+04   4.14676805e+01   4.49112512e+01
    9.77596968e+04]
 [  3.94098212e+01   3.67201956e+01   1.35397676e+05   3.30647613e+01
    1.44637029e+01   3.63940767e+04   4.17422878e+01   4.49017618e+01
    9.90035991e+04]
 [  3.95323321e+01   3.66068244e+01   1.37152096e+05   3.32676809e+01
    1.45824473e+01   3.74429647e+04   4.18848459e+01   4.48774608e+01
    9.97091318e+04]
 [  4.00398607e+01   3.62002206e+01   1.40344793e+05   3.51477096e+01
    1.50776312e+01   4.07559322e+04   4.20419338e+01   4.48444687e+01
    9.95888604e+04]
 [  4.10956673e+01   3.49112049e+01   1.48169348e+05   3.81362248e+01
    1.56737473e+01   5.00934911e+04   4.26072401e+01   4.47369810e+01
    9.80758569e+04]]
0.549594189401,1.01908611669,1.84956720087,0.495260386787,0.60243976262,0.121936280096
