[[  3.90532272e+01   3.29968453e+01   1.54682615e+05   3.66842594e+01
    1.52340286e+01   6.13364636e+04   4.06098432e+01   4.46685463e+01
    9.33461513e+04]
 [  3.88411607e+01   3.57059706e+01   1.47750699e+05   3.45403828e+01
    1.49968122e+01   4.55739166e+04   4.07594370e+01   4.49428778e+01
    1.02176783e+05]
 [  3.80980821e+01   3.60457552e+01   1.53189243e+05   3.42318824e+01
    1.46779147e+01   4.54122521e+04   3.97271203e+01   4.50491774e+01
    1.07776991e+05]
 [  3.82343758e+01   3.62997965e+01   1.56534148e+05   3.42230696e+01
    1.45611159e+01   4.49693118e+04   3.98512444e+01   4.50621765e+01
    1.11564837e+05]
 [  3.79881556e+01   3.58266472e+01   1.60941105e+05   3.37268716e+01
    1.45253813e+01   4.86154554e+04   3.98324740e+01   4.50460084e+01
    1.12325650e+05]
 [  3.73370448e+01   3.61311640e+01   1.54447582e+05   3.14965878e+01
    1.38158482e+01   4.42358189e+04   3.96812356e+01   4.50878874e+01
    1.10211763e+05]
 [  3.73398311e+01   3.58928331e+01   1.59772691e+05   3.12921007e+01
    1.40046615e+01   4.70878518e+04   3.98670090e+01   4.50392896e+01
    1.12684839e+05]
 [  3.75024409e+01   3.58552922e+01   1.61406801e+05   3.15765989e+01
    1.41409600e+01   4.78880358e+04   4.00022649e+01   4.50155109e+01
    1.13518765e+05]
 [  3.79111469e+01   3.54907285e+01   1.64475036e+05   3.29285027e+01
    1.44341042e+01   5.10937074e+04   4.01565057e+01   4.49796012e+01
    1.13381328e+05]
 [  3.92588823e+01   3.42620403e+01   1.69441337e+05   3.58650410e+01
    1.50616194e+01   6.00052912e+04   4.11197723e+01   4.47898955e+01
    1.09436045e+05]]
0.659726476442,0.976712837612,1.74913751917,0.443088586341,0.470402108937,0.128614215651
