[[  3.29096478e+01   2.49136892e+01   1.22022698e+05   3.45047742e+01
    1.38963660e+01   7.66298968e+04   3.02168338e+01   4.35125932e+01
    4.53928009e+04]
 [  3.29651468e+01   2.49543569e+01   1.25540153e+05   3.43931544e+01
    1.38229496e+01   7.84458584e+04   3.05864874e+01   4.34961532e+01
    4.70942942e+04]
 [  3.20836670e+01   2.53864202e+01   1.32284639e+05   3.37231822e+01
    1.38264111e+01   8.06592602e+04   2.95220958e+01   4.34477263e+01
    5.16253791e+04]
 [  3.17483733e+01   2.51880368e+01   1.36403149e+05   3.32833000e+01
    1.37386057e+01   8.39403534e+04   2.92924941e+01   4.35071004e+01
    5.24627960e+04]
 [  3.20841045e+01   2.45347367e+01   1.37446941e+05   3.32733969e+01
    1.37491715e+01   8.76249467e+04   2.99924241e+01   4.35039608e+01
    4.98219945e+04]
 [  3.28607314e+01   2.37204769e+01   1.35871710e+05   3.37238936e+01
    1.38245024e+01   9.04623548e+04   3.11411807e+01   4.34347658e+01
    4.54093553e+04]
 [  3.25871653e+01   2.32867353e+01   1.40946792e+05   3.32315405e+01
    1.37819103e+01   9.57356675e+04   3.12226849e+01   4.34134359e+01
    4.52111243e+04]
 [  3.23994321e+01   2.34102760e+01   1.42596356e+05   3.32126357e+01
    1.37603904e+01   9.62196787e+04   3.07122437e+01   4.34313068e+01
    4.63766773e+04]
 [  3.16459424e+01   2.38547942e+01   1.46975302e+05   3.28150612e+01
    1.36690259e+01   9.66528050e+04   2.94004533e+01   4.34182725e+01
    5.03224969e+04]
 [  3.17146202e+01   2.38571886e+01   1.45437431e+05   3.25638633e+01
    1.36337861e+01   9.57230827e+04   3.00794348e+01   4.35419603e+01
    4.97143482e+04]]
0.488776499343,0.73322095697,0.591448297314,0.0743823787593,0.657343748313,0.0439441608051
