[[  3.74353238e+01   2.94610171e+01   1.24658833e+05   4.48776330e+01
    1.66158956e+01   6.40782578e+04   2.95633251e+01   4.30477649e+01
    6.05805756e+04]
 [  3.75086835e+01   2.95399057e+01   1.27212710e+05   4.48314766e+01
    1.66087431e+01   6.48650606e+04   2.98902179e+01   4.29931899e+01
    6.23476492e+04]
 [  3.73605809e+01   2.97291959e+01   1.29022631e+05   4.48297111e+01
    1.66134615e+01   6.49429806e+04   2.97908208e+01   4.30216355e+01
    6.40796506e+04]
 [  3.72094780e+01   2.99712922e+01   1.31884689e+05   4.47754196e+01
    1.66042256e+01   6.50997041e+04   2.98344587e+01   4.30010484e+01
    6.67849853e+04]
 [  3.70511278e+01   2.98257599e+01   1.31980324e+05   4.45853070e+01
    1.65717290e+01   6.59901742e+04   2.95169459e+01   4.30797956e+01
    6.59901499e+04]
 [  3.68148089e+01   2.97788601e+01   1.32930256e+05   4.44271240e+01
    1.65238720e+01   6.67300593e+04   2.91415652e+01   4.31399405e+01
    6.62001963e+04]
 [  3.65374968e+01   2.94042018e+01   1.36923072e+05   4.34856388e+01
    1.65722830e+01   7.08218983e+04   2.90931417e+01   4.31525335e+01
    6.61011733e+04]
 [  3.67718109e+01   2.95386324e+01   1.35919406e+05   4.42200957e+01
    1.65270209e+01   6.95001083e+04   2.89780429e+01   4.31537781e+01
    6.64192979e+04]
 [  3.65359932e+01   2.92757952e+01   1.38004662e+05   4.35057946e+01
    1.65791916e+01   7.21156284e+04   2.89075371e+01   4.31722435e+01
    6.58890338e+04]
 [  3.67228344e+01   2.91899420e+01   1.38685898e+05   4.36667992e+01
    1.65987784e+01   7.29322969e+04   2.90207574e+01   4.31557548e+01
    6.57536007e+04]]
0.348842179702,0.238253971886,0.540127529191,0.031994521038,0.366138861359,0.0673607899944
