[[  3.11744461e+01   2.85637711e+01   1.39652213e+05   3.12145283e+01
    1.26164144e+01   6.94908328e+04   3.11347471e+01   4.43587155e+01
    7.01613802e+04]
 [  3.11757439e+01   2.85370318e+01   1.40739160e+05   3.13078041e+01
    1.26279595e+01   7.01992884e+04   3.10443212e+01   4.43692915e+01
    7.05398712e+04]
 [  3.09706885e+01   2.85386377e+01   1.40586547e+05   3.13505246e+01
    1.26084486e+01   7.01695867e+04   3.05921868e+01   4.44128644e+01
    7.04169602e+04]
 [  3.11163248e+01   2.80353384e+01   1.39050536e+05   3.12085131e+01
    1.25279917e+01   7.14343957e+04   3.10189307e+01   4.44183785e+01
    6.76161405e+04]
 [  3.10872711e+01   2.79553503e+01   1.39223068e+05   3.12232731e+01
    1.25291512e+01   7.18327716e+04   3.09423036e+01   4.43984689e+01
    6.73902962e+04]
 [  3.04585474e+01   2.83088677e+01   1.43523836e+05   3.11409575e+01
    1.25175385e+01   7.19745438e+04   2.97720814e+01   4.41940522e+01
    7.15492926e+04]
 [  2.97353956e+01   2.81648295e+01   1.40741090e+05   3.07936177e+01
    1.24772801e+01   7.12190573e+04   2.86513425e+01   4.42353100e+01
    6.95220330e+04]
 [  2.94412235e+01   2.89132891e+01   1.39430030e+05   3.09220366e+01
    1.22165163e+01   6.66160879e+04   2.80864557e+01   4.41888484e+01
    7.28139421e+04]
 [  2.89675381e+01   2.88643727e+01   1.43085849e+05   3.00099377e+01
    1.24123406e+01   6.88865503e+04   2.79997754e+01   4.41384219e+01
    7.41992988e+04]
 [  2.89939640e+01   2.88649930e+01   1.45164346e+05   3.01385174e+01
    1.24259719e+01   6.98980669e+04   2.79310436e+01   4.41315349e+01
    7.52662789e+04]]
0.884800430805,0.331470004368,0.458282484504,0.11726398347,1.3292842786,0.111612748642
