[[  3.55299844e+01   2.82032149e+01   1.10209867e+05   3.40371390e+01
    1.12894038e+01   5.04308560e+04   3.67893808e+01   4.24720690e+01
    5.97790108e+04]
 [  3.51614641e+01   2.79940291e+01   1.16610320e+05   3.36115858e+01
    1.13147883e+01   5.41287789e+04   3.65041489e+01   4.24435276e+01
    6.24815410e+04]
 [  3.50931553e+01   2.79858385e+01   1.21816984e+05   3.34179099e+01
    1.13116403e+01   5.65034914e+04   3.65424303e+01   4.24108889e+01
    6.53134925e+04]
 [  3.55725468e+01   2.83699777e+01   1.22554210e+05   3.39088120e+01
    1.13243174e+01   5.53198065e+04   3.69414515e+01   4.23949794e+01
    6.72344038e+04]
 [  3.56010402e+01   2.85050927e+01   1.26302713e+05   3.39643261e+01
    1.13598581e+01   5.63800910e+04   3.69207575e+01   4.23296584e+01
    6.99226224e+04]
 [  3.59370395e+01   2.89462445e+01   1.24288536e+05   3.44004650e+01
    1.13770751e+01   5.38241160e+04   3.71107491e+01   4.23664218e+01
    7.04644199e+04]
 [  3.56106948e+01   2.89694209e+01   1.27204922e+05   3.36561349e+01
    1.13659003e+01   5.49517782e+04   3.70972260e+01   4.23576930e+01
    7.22531441e+04]
 [  3.49510148e+01   2.92203747e+01   1.29367696e+05   3.31618211e+01
    1.13511709e+01   5.47298114e+04   3.62629791e+01   4.23233473e+01
    7.46378844e+04]
 [  3.41804892e+01   2.84262890e+01   1.38676539e+05   3.26062880e+01
    1.08967560e+01   6.12976526e+04   3.54275327e+01   4.23127542e+01
    7.73788867e+04]
 [  3.36506607e+01   2.80221828e+01   1.40288365e+05   3.23990291e+01
    1.09089702e+01   6.37464655e+04   3.46930584e+01   4.22745964e+01
    7.65419000e+04]]
0.677087795631,0.42246718094,0.604003246406,0.17551087362,0.748873880196,0.0586920771863
