[[  3.36354392e+01   3.17235594e+01   1.36996101e+05   3.52200326e+01
    1.60551154e+01   6.69896626e+04   3.21191305e+01   4.67168059e+01
    7.00064379e+04]
 [  3.36940007e+01   3.17011403e+01   1.39328243e+05   3.53288950e+01
    1.60642559e+01   6.82648787e+04   3.21234887e+01   4.67222418e+01
    7.10633647e+04]
 [  3.38143009e+01   3.18407030e+01   1.42126317e+05   3.54818526e+01
    1.60959139e+01   6.89420730e+04   3.22434099e+01   4.66728354e+01
    7.31842442e+04]
 [  3.42119107e+01   3.21774847e+01   1.42562307e+05   3.61797477e+01
    1.62700950e+01   6.78514225e+04   3.24247474e+01   4.66243626e+01
    7.47108846e+04]
 [  3.39788121e+01   3.19210567e+01   1.46546673e+05   3.57805553e+01
    1.61536508e+01   7.07675090e+04   3.22962272e+01   4.66456851e+01
    7.57791644e+04]
 [  3.39227784e+01   3.16022802e+01   1.48538119e+05   3.54443681e+01
    1.60647114e+01   7.30769785e+04   3.24492628e+01   4.66489462e+01
    7.54611406e+04]
 [  3.40803765e+01   3.18509653e+01   1.47739521e+05   3.57739302e+01
    1.61607934e+01   7.17248424e+04   3.24823973e+01   4.66556730e+01
    7.60146790e+04]
 [  3.42169837e+01   3.17631436e+01   1.48348767e+05   3.58382838e+01
    1.61853371e+01   7.24581247e+04   3.26690145e+01   4.66363692e+01
    7.58906424e+04]
 [  3.43033632e+01   3.18258114e+01   1.49288000e+05   3.59209887e+01
    1.62023809e+01   7.26400601e+04   3.27703225e+01   4.66323012e+01
    7.66479396e+04]
 [  3.43526544e+01   3.18651828e+01   1.50290527e+05   3.59654265e+01
    1.62231107e+01   7.29593076e+04   3.28310603e+01   4.66229321e+01
    7.73312194e+04]]
0.240383672419,0.146637206427,0.293446993349,0.0709817999425,0.240634872734,0.0339609983331
