[[  3.19744644e+01   3.24564481e+01   1.03741622e+05   3.32799958e+01
    1.35065824e+01   4.50309132e+04   3.09731263e+01   4.69909302e+01
    5.87107093e+04]
 [  3.20786279e+01   3.23450609e+01   1.05413048e+05   3.33701668e+01
    1.35149380e+01   4.60512087e+04   3.10766891e+01   4.69529290e+01
    5.93618394e+04]
 [  3.19260473e+01   3.21146751e+01   1.06995722e+05   3.31972462e+01
    1.34553244e+01   4.74991100e+04   3.09111859e+01   4.70113647e+01
    5.94966116e+04]
 [  3.16971612e+01   3.17635047e+01   1.08123057e+05   3.28613748e+01
    1.33670594e+01   4.91790394e+04   3.07258174e+01   4.71122974e+01
    5.89440180e+04]
 [  3.11889973e+01   3.17343455e+01   1.08642010e+05   3.24828926e+01
    1.32726442e+01   4.98817008e+04   3.00906079e+01   4.74065071e+01
    5.87603094e+04]
 [  2.95851602e+01   3.23118437e+01   1.04917497e+05   2.97130482e+01
    1.27715434e+01   4.63371757e+04   2.94840006e+01   4.77682685e+01
    5.85803209e+04]
 [  2.91974206e+01   3.20276768e+01   1.10119102e+05   2.89909889e+01
    1.27301583e+01   4.94080935e+04   2.93654198e+01   4.77324661e+01
    6.07110090e+04]
 [  2.92787039e+01   3.19750000e+01   1.12881610e+05   2.91135924e+01
    1.27201817e+01   5.06569002e+04   2.94131205e+01   4.76502745e+01
    6.22247095e+04]
 [  2.94887455e+01   3.20635855e+01   1.14217051e+05   2.92463919e+01
    1.27617960e+01   5.08264999e+04   2.96830645e+01   4.75397468e+01
    6.33905515e+04]
 [  2.97741617e+01   3.22056052e+01   1.14858275e+05   2.97561715e+01
    1.27373500e+01   5.04908278e+04   2.97882735e+01   4.74768076e+01
    6.43674475e+04]]
1.18494016277,0.226377795236,1.86483358219,0.345984450271,0.663457727409,0.303716783392
