[[  2.60482349e+01   2.81220018e+01   1.29524654e+05   3.02251610e+01
    1.31180898e+01   6.45330986e+04   2.19007732e+01   4.30200748e+01
    6.49915552e+04]
 [  2.62145414e+01   2.83721632e+01   1.29658298e+05   3.09203892e+01
    1.29602922e+01   6.30989530e+04   2.17533487e+01   4.29827776e+01
    6.65593453e+04]
 [  2.65022901e+01   2.79762777e+01   1.28679834e+05   3.07108106e+01
    1.28388229e+01   6.41271834e+04   2.23215080e+01   4.30139614e+01
    6.45526507e+04]
 [  2.73480745e+01   2.87415069e+01   1.25126695e+05   3.31127373e+01
    1.27277144e+01   5.89818705e+04   2.22076786e+01   4.30211340e+01
    6.61448250e+04]
 [  2.72338002e+01   2.78814375e+01   1.32252304e+05   3.25577380e+01
    1.26076573e+01   6.58082143e+04   2.19608130e+01   4.30090463e+01
    6.64440899e+04]
 [  2.77768711e+01   2.80678507e+01   1.25703602e+05   3.33855526e+01
    1.27577956e+01   6.20654338e+04   2.23068009e+01   4.29995376e+01
    6.36381685e+04]
 [  3.26763084e+01   2.47448535e+01   1.03730982e+05   3.34194236e+01
    1.27392145e+01   6.33505816e+04   3.15104761e+01   4.35798380e+01
    4.03804003e+04]
 [  2.77367445e+01   2.77880838e+01   1.27972890e+05   3.35337183e+01
    1.27442016e+01   6.42753061e+04   2.18871935e+01   4.29684105e+01
    6.36975836e+04]
 [  2.76383806e+01   2.77201281e+01   1.29392342e+05   3.33017825e+01
    1.26486848e+01   6.50673808e+04   2.19096134e+01   4.29655215e+01
    6.43249612e+04]
 [  2.73259966e+01   2.81781107e+01   1.31359395e+05   3.32943987e+01
    1.26869955e+01   6.41666108e+04   2.16263945e+01   4.29715499e+01
    6.71927838e+04]]
1.77764795621,1.043730689,1.23260326227,0.145585242977,2.86557853507,0.176732793984
