[[  3.12114104e+01   3.12892095e+01   1.76068492e+05   3.67598122e+01
    1.44776824e+01   6.70098070e+04   2.78022611e+01   4.16188516e+01
    1.09058685e+05]
 [  3.16418304e+01   3.08944891e+01   1.79776045e+05   3.72567409e+01
    1.45554663e+01   7.10164162e+04   2.79754807e+01   4.15633270e+01
    1.08759629e+05]
 [  3.21436989e+01   3.02213357e+01   1.84907215e+05   3.77623561e+01
    1.45408082e+01   7.73047416e+04   2.81070924e+01   4.14866821e+01
    1.07602473e+05]
 [  3.25365223e+01   3.00030528e+01   1.83606301e+05   3.80177557e+01
    1.46257982e+01   7.84451189e+04   2.84477892e+01   4.14737357e+01
    1.05161182e+05]
 [  3.24496173e+01   2.98867203e+01   1.86534239e+05   3.78605059e+01
    1.45440412e+01   8.02943070e+04   2.83601611e+01   4.14824524e+01
    1.06239932e+05]
 [  3.24633966e+01   2.90636334e+01   1.93546424e+05   3.72103787e+01
    1.44256616e+01   8.86675887e+04   2.84501612e+01   4.14389963e+01
    1.04878836e+05]
 [  3.28269433e+01   2.87637424e+01   1.94626052e+05   3.77182818e+01
    1.44807570e+01   9.14057584e+04   2.84954647e+01   4.14119054e+01
    1.03220294e+05]
 [  3.28917227e+01   2.86399016e+01   1.97665109e+05   3.78920941e+01
    1.45234406e+01   9.38381947e+04   2.83724146e+01   4.13982817e+01
    1.03826914e+05]
 [  3.30156910e+01   2.84768578e+01   1.98230341e+05   3.78989465e+01
    1.44776001e+01   9.50401834e+04   2.85181158e+01   4.13704521e+01
    1.03190158e+05]
 [  3.31367288e+01   2.84238106e+01   1.97175379e+05   3.77683726e+01
    1.44548996e+01   9.45969620e+04   2.88654654e+01   4.13058239e+01
    1.02578417e+05]]
0.584312256941,0.984994927796,0.381995793215,0.0555513739481,0.288703974878,0.086846156068
