[[  2.63182844e+01   3.60241049e+01   2.63785598e+05   3.43486812e+01
    1.37431814e+01   8.43438436e+04   2.25437196e+01   4.64969111e+01
    1.79441755e+05]
 [  2.66393183e+01   3.52420801e+01   2.71201159e+05   3.44792849e+01
    1.36715009e+01   9.31094428e+04   2.25404476e+01   4.65195536e+01
    1.78091716e+05]
 [  2.66874583e+01   3.50922310e+01   2.74571926e+05   3.44868971e+01
    1.37174292e+01   9.55399936e+04   2.25253051e+01   4.64988466e+01
    1.79031932e+05]
 [  2.67361574e+01   3.50413313e+01   2.73823793e+05   3.45099753e+01
    1.37029798e+01   9.54856065e+04   2.25739096e+01   4.64662845e+01
    1.78338187e+05]
 [  2.66568806e+01   3.51870329e+01   2.74552795e+05   3.39368201e+01
    1.38336850e+01   9.48810230e+04   2.28124921e+01   4.64633033e+01
    1.79671772e+05]
 [  2.66947864e+01   3.53335244e+01   2.72218385e+05   3.35645386e+01
    1.37858500e+01   9.21855860e+04   2.31771377e+01   4.63669860e+01
    1.80032799e+05]
 [  2.65928719e+01   3.63519991e+01   2.65508126e+05   3.45352656e+01
    1.37515541e+01   8.14614212e+04   2.30774670e+01   4.63552446e+01
    1.84046704e+05]
 [  2.67097048e+01   3.64663164e+01   2.64399704e+05   3.45640784e+01
    1.37722091e+01   7.99490510e+04   2.33052728e+01   4.63029438e+01
    1.84450653e+05]
 [  2.64867619e+01   3.67086774e+01   2.64738945e+05   3.41013172e+01
    1.37265335e+01   7.80298046e+04   2.33044739e+01   4.63134145e+01
    1.86709141e+05]
 [  2.66347270e+01   3.65599648e+01   2.61412940e+05   3.39925718e+01
    1.36613354e+01   7.78807503e+04   2.35124710e+01   4.62768566e+01
    1.83532190e+05]]
0.119569501174,0.646781065356,0.319736715382,0.0498876978364,0.361659778152,0.0875594076191
