[[  3.07683603e+01   2.98251501e+01   1.16255263e+05   3.00755608e+01
    1.30363637e+01   5.30662515e+04   3.13501746e+01   4.39244047e+01
    6.31890115e+04]
 [  3.11119436e+01   3.01429316e+01   1.17112391e+05   3.05387709e+01
    1.29224165e+01   5.19527212e+04   3.15689422e+01   4.38730906e+01
    6.51596694e+04]
 [  3.09015624e+01   3.00487743e+01   1.20658134e+05   3.02502451e+01
    1.29876476e+01   5.40130096e+04   3.14294271e+01   4.38760844e+01
    6.66451242e+04]
 [  3.08524799e+01   2.98049485e+01   1.21849005e+05   3.00057675e+01
    1.29448942e+01   5.53179992e+04   3.15564890e+01   4.38234418e+01
    6.65310059e+04]
 [  3.06194735e+01   2.94618613e+01   1.16516200e+05   3.00539056e+01
    1.29998079e+01   5.48226776e+04   3.11220537e+01   4.40905259e+01
    6.16935221e+04]
 [  3.08627911e+01   2.92199786e+01   1.16195995e+05   3.01677967e+01
    1.29790611e+01   5.54187177e+04   3.14965098e+01   4.40289807e+01
    6.07772775e+04]
 [  3.07239564e+01   2.91992211e+01   1.18198995e+05   3.01778303e+01
    1.28856720e+01   5.63190434e+04   3.12210043e+01   4.40467356e+01
    6.18799520e+04]
 [  3.01447784e+01   2.93900369e+01   1.22513240e+05   2.98944738e+01
    1.28910238e+01   5.76362135e+04   3.03671468e+01   4.40476237e+01
    6.48770263e+04]
 [  3.00076713e+01   2.93113612e+01   1.23289922e+05   2.98646066e+01
    1.28744800e+01   5.83034535e+04   3.01360236e+01   4.40579224e+01
    6.49864685e+04]
 [  3.03639242e+01   3.00129287e+01   1.29549582e+05   2.99550145e+01
    1.28275537e+01   5.76076117e+04   3.06913591e+01   4.37741366e+01
    7.19419702e+04]]
0.336302259246,0.345469792311,0.188678376916,0.0624647576924,0.490376196102,0.10738483452
