[[  3.93306187e+01   2.53712651e+01   1.48421515e+05   4.01802270e+01
    1.27883441e+01   8.66985813e+04   3.81372239e+01   4.30457556e+01
    6.17229332e+04]
 [  3.92614086e+01   2.54658755e+01   1.49333250e+05   4.01747926e+01
    1.27709904e+01   8.66928501e+04   3.79973064e+01   4.30352997e+01
    6.26404001e+04]
 [  3.93720356e+01   2.53615193e+01   1.51220646e+05   4.03683019e+01
    1.27449474e+01   8.82342801e+04   3.79764188e+01   4.30354099e+01
    6.29863656e+04]
 [  3.94007558e+01   2.53408804e+01   1.51676866e+05   4.04174417e+01
    1.27538044e+01   8.86315712e+04   3.79714586e+01   4.30362901e+01
    6.30452948e+04]
 [  3.94856661e+01   2.54682869e+01   1.51562091e+05   4.05682117e+01
    1.28172741e+01   8.81113987e+04   3.79823790e+01   4.30362346e+01
    6.34506919e+04]
 [  3.95345403e+01   2.54372247e+01   1.51133811e+05   4.07045607e+01
    1.27997909e+01   8.79692471e+04   3.79050537e+01   4.30373707e+01
    6.31645638e+04]
 [  3.89497797e+01   2.53343509e+01   1.50938189e+05   4.00324030e+01
    1.27722511e+01   8.83404682e+04   3.74219375e+01   4.30625008e+01
    6.25977204e+04]
 [  3.84875998e+01   2.55080730e+01   1.49623657e+05   3.93590992e+01
    1.26387693e+01   8.63550695e+04   3.72980934e+01   4.30733398e+01
    6.32685872e+04]
 [  3.82391491e+01   2.54428485e+01   1.51152632e+05   3.92400685e+01
    1.26373023e+01   8.75957378e+04   3.68596563e+01   4.30917801e+01
    6.35568938e+04]
 [  3.84545548e+01   2.52852742e+01   1.53220565e+05   3.95833067e+01
    1.27064245e+01   8.98140488e+04   3.68557006e+01   4.31029604e+01
    6.34065167e+04]]
0.459685509882,0.0686681840872,0.481212141104,0.0599427820212,0.466254122626,0.0243127354022
