[[  3.05628309e+01   2.42593886e+01   9.71116721e+04   3.13154885e+01
    1.38585336e+01   6.50337738e+04   2.90369152e+01   4.53457717e+01
    3.20778983e+04]
 [  3.11170671e+01   2.51078439e+01   9.20950103e+04   3.26110481e+01
    1.40851227e+01   5.96154620e+04   2.83748995e+01   4.53397944e+01
    3.24795483e+04]
 [  3.14766806e+01   2.47520250e+01   9.27943038e+04   3.27940238e+01
    1.40310815e+01   6.10381524e+04   2.89446296e+01   4.53586336e+01
    3.17561515e+04]
 [  3.09447520e+01   2.39301873e+01   1.02566792e+05   3.21805032e+01
    1.38529608e+01   6.97582360e+04   2.83172720e+01   4.53565963e+01
    3.28085560e+04]
 [  3.04816672e+01   2.42775140e+01   9.92789515e+04   3.16320445e+01
    1.38295703e+01   6.63917643e+04   2.81593168e+01   4.53695401e+01
    3.28871872e+04]
 [  3.05161550e+01   2.44048022e+01   9.96874579e+04   3.17904598e+01
    1.38533261e+01   6.63179887e+04   2.79836205e+01   4.53746495e+01
    3.33694692e+04]
 [  3.04507803e+01   2.43024027e+01   1.00552628e+05   3.17181110e+01
    1.38292474e+01   6.71826373e+04   2.78993077e+01   4.53876405e+01
    3.33699909e+04]
 [  3.06498633e+01   2.37076520e+01   1.06536197e+05   3.18682319e+01
    1.37959169e+01   7.31066739e+04   2.79854257e+01   4.53835218e+01
    3.34295226e+04]
 [  3.06310599e+01   2.43390721e+01   1.00423333e+05   3.19768446e+01
    1.38708679e+01   6.70576112e+04   2.79263348e+01   4.53778126e+01
    3.33657219e+04]
 [  3.10977725e+01   2.37614400e+01   1.03649523e+05   3.23380562e+01
    1.38427231e+01   7.10282006e+04   2.83972348e+01   4.53580079e+01
    3.26213228e+04]]
0.328440179509,0.405808770294,0.434842223804,0.0895671397328,0.386382794438,0.0151599558043
