[[  3.57786586e+01   2.78436605e+01   1.02134236e+05   3.61722102e+01
    1.41738814e+01   5.30783332e+04   3.53528370e+01   4.26343187e+01
    4.90559030e+04]
 [  3.62115418e+01   2.84279616e+01   1.03094176e+05   3.65293540e+01
    1.42931634e+01   5.14860448e+04   3.58944814e+01   4.25293219e+01
    5.16081314e+04]
 [  3.57805810e+01   2.89956839e+01   1.06347638e+05   3.55263134e+01
    1.40649825e+01   5.06654185e+04   3.60119398e+01   4.25811740e+01
    5.56822190e+04]
 [  3.56951840e+01   2.96499420e+01   1.08151279e+05   3.53414796e+01
    1.39998939e+01   4.90777723e+04   3.59890386e+01   4.26518703e+01
    5.90735065e+04]
 [  3.59859317e+01   3.04623099e+01   1.11522965e+05   3.52041749e+01
    1.40570480e+01   4.75243149e+04   3.65664511e+01   4.26445799e+01
    6.39986500e+04]
 [  3.56582243e+01   3.10060876e+01   1.09151750e+05   3.52435861e+01
    1.40422895e+01   4.45527733e+04   3.59441929e+01   4.27057196e+01
    6.45989765e+04]
 [  3.44647814e+01   3.05215297e+01   1.16257646e+05   3.34563191e+01
    1.36555881e+01   4.90651298e+04   3.52011779e+01   4.28373301e+01
    6.71925158e+04]
 [  3.43371402e+01   2.98486698e+01   1.19783274e+05   3.33202149e+01
    1.35676659e+01   5.31819194e+04   3.51491663e+01   4.28492319e+01
    6.66013542e+04]
 [  3.44553359e+01   2.92106863e+01   1.22020281e+05   3.34575428e+01
    1.36424088e+01   5.68921454e+04   3.53269498e+01   4.28102268e+01
    6.51281352e+04]
 [  3.45920297e+01   2.88500611e+01   1.23854525e+05   3.36716419e+01
    1.36680420e+01   5.92148788e+04   3.54351755e+01   4.27579562e+01
    6.46396458e+04]]
0.698940737826,0.950354524063,1.14562267738,0.244809392189,0.436972391718,0.104701249607
