[[  4.18881578e+01   3.21801765e+01   1.14545249e+05   3.70852033e+01
    1.34470524e+01   4.53081190e+04   4.50311656e+01   4.44389548e+01
    6.92371298e+04]
 [  4.17844161e+01   3.20245675e+01   1.15660978e+05   3.67915505e+01
    1.34034822e+01   4.62440252e+04   4.51105517e+01   4.44295190e+01
    6.94169528e+04]
 [  4.17662877e+01   3.19473636e+01   1.16305279e+05   3.68566354e+01
    1.34187791e+01   4.68326830e+04   4.50759696e+01   4.44378041e+01
    6.94725958e+04]
 [  4.16854034e+01   3.18142674e+01   1.16738125e+05   3.68708528e+01
    1.33868995e+01   4.74580411e+04   4.49834527e+01   4.44373293e+01
    6.92800840e+04]
 [  4.15248304e+01   3.16240211e+01   1.17827389e+05   3.66817152e+01
    1.33512148e+01   4.85762279e+04   4.49220336e+01   4.44414813e+01
    6.92511614e+04]
 [  4.17627971e+01   3.17633779e+01   1.19484506e+05   3.68206981e+01
    1.33731217e+01   4.87371325e+04   4.51673580e+01   4.44322349e+01
    7.07473730e+04]
 [  4.20203559e+01   3.18080718e+01   1.19929464e+05   3.68442190e+01
    1.33720512e+01   4.86796172e+04   4.55568178e+01   4.44040066e+01
    7.12498469e+04]
 [  4.22779052e+01   3.18684140e+01   1.19871764e+05   3.69889367e+01
    1.33628162e+01   4.83127754e+04   4.58487319e+01   4.43623970e+01
    7.15589889e+04]
 [  4.19785553e+01   3.14695869e+01   1.20863603e+05   3.66503794e+01
    1.33390804e+01   5.01374187e+04   4.57556711e+01   4.43222074e+01
    7.07261842e+04]
 [  4.19852773e+01   3.12584340e+01   1.20746358e+05   3.67121585e+01
    1.33331052e+01   5.08108828e+04   4.58164061e+01   4.42818928e+01
    6.99354756e+04]]
0.199278694394,0.25506145079,0.127543354588,0.0341926744675,0.354004159383,0.0542102333994
