[[  4.31273968e+01   2.66588702e+01   1.07690731e+05   4.65391419e+01
    1.40611876e+01   6.16225287e+04   3.85637207e+01   4.35099955e+01
    4.60682027e+04]
 [  4.30623933e+01   2.67507711e+01   1.08248965e+05   4.65543953e+01
    1.40461708e+01   6.15150630e+04   3.84659288e+01   4.34736268e+01
    4.67339015e+04]
 [  4.31138619e+01   2.66567259e+01   1.09036997e+05   4.66061054e+01
    1.40489690e+01   6.22805196e+04   3.84621271e+01   4.34504984e+01
    4.67564776e+04]
 [  4.31252640e+01   2.66231894e+01   1.09454580e+05   4.66070599e+01
    1.40556280e+01   6.26525359e+04   3.84642851e+01   4.34470184e+01
    4.68020445e+04]
 [  4.30915694e+01   2.67055429e+01   1.10233987e+05   4.66097416e+01
    1.40630631e+01   6.28418196e+04   3.84264873e+01   4.34694194e+01
    4.73921671e+04]
 [  4.31273470e+01   2.65807260e+01   1.10055981e+05   4.66559936e+01
    1.40723732e+01   6.31874378e+04   3.83700807e+01   4.34442918e+01
    4.68685432e+04]
 [  4.22945878e+01   2.55729316e+01   1.04936291e+05   4.58770505e+01
    1.39661131e+01   6.42302129e+04   3.66418119e+01   4.38873567e+01
    4.07060781e+04]
 [  4.22742730e+01   2.62996946e+01   1.01223267e+05   4.61767095e+01
    1.39674856e+01   5.92911687e+04   3.67563038e+01   4.37371977e+01
    4.19320979e+04]
 [  4.22178751e+01   2.62098974e+01   1.01990710e+05   4.61479193e+01
    1.39656230e+01   6.00811549e+04   3.65837998e+01   4.37631770e+01
    4.19095555e+04]
 [  4.23784587e+01   2.59645581e+01   1.03694917e+05   4.63529650e+01
    1.40221009e+01   6.20682106e+04   3.64522032e+01   4.37715628e+01
    4.16267061e+04]]
0.402170932502,0.367640268079,0.250110510883,0.0415185808753,0.910173540802,0.163819646661
