[[  3.07012100e+01   3.89724633e+01   1.78164218e+05   3.91822474e+01
    1.56703285e+01   4.78504019e+04   2.75870272e+01   4.75288586e+01
    1.30313816e+05]
 [  3.10788107e+01   3.81361430e+01   1.84394865e+05   3.86430432e+01
    1.56175962e+01   5.39102773e+04   2.79536150e+01   4.74397790e+01
    1.30484588e+05]
 [  3.16091812e+01   3.77979231e+01   1.86962596e+05   3.92570927e+01
    1.56201307e+01   5.63453957e+04   2.83100399e+01   4.73649364e+01
    1.30617200e+05]
 [  3.17633956e+01   3.75282376e+01   1.90151443e+05   3.93042002e+01
    1.57011853e+01   5.90362728e+04   2.83680524e+01   4.73561454e+01
    1.31115170e+05]
 [  3.19770563e+01   3.77215435e+01   2.01333049e+05   3.92751671e+01
    1.56169638e+01   6.06684757e+04   2.88293892e+01   4.72552244e+01
    1.40664574e+05]
 [  3.21574850e+01   3.75586155e+01   2.03348285e+05   3.96179229e+01
    1.55958400e+01   6.22183791e+04   2.88684844e+01   4.72411011e+01
    1.41129906e+05]
 [  3.23722888e+01   3.73371067e+01   2.03966822e+05   3.98421021e+01
    1.56045658e+01   6.37261407e+04   2.89779644e+01   4.72124935e+01
    1.40240681e+05]
 [  3.24115634e+01   3.70530588e+01   2.08364389e+05   3.97807076e+01
    1.55272540e+01   6.68871478e+04   2.89276036e+01   4.72299584e+01
    1.41477241e+05]
 [  3.25084699e+01   3.69795791e+01   2.08588683e+05   3.99028874e+01
    1.54691991e+01   6.72882582e+04   2.89871962e+01   4.72229737e+01
    1.41300425e+05]
 [  3.26923222e+01   3.69422448e+01   2.11099204e+05   4.04965115e+01
    1.55864223e+01   6.87097708e+04   2.89264244e+01   4.72474594e+01
    1.42389434e+05]]
0.613375849692,0.584607805144,0.483653764841,0.0622908961597,0.46970011174,0.102486813723
