[[  3.55098432e+01   2.96809135e+01   8.40548372e+04   3.67773614e+01
    1.86870151e+01   4.51253785e+04   3.40405897e+01   4.24245745e+01
    3.89294587e+04]
 [  3.59764982e+01   2.97690617e+01   8.44734668e+04   3.72491888e+01
    1.87167212e+01   4.49625512e+04   3.45282043e+01   4.23463815e+01
    3.95109156e+04]
 [  3.57732841e+01   2.96311986e+01   8.72498535e+04   3.67133905e+01
    1.86828434e+01   4.67134673e+04   3.46899209e+01   4.22479037e+01
    4.05363862e+04]
 [  3.47227048e+01   2.98153467e+01   8.50460881e+04   3.52951868e+01
    1.82689689e+01   4.50950548e+04   3.40765111e+01   4.28484148e+01
    3.99510333e+04]
 [  3.29608746e+01   3.02912231e+01   8.31154743e+04   3.30332125e+01
    1.73995577e+01   4.24381173e+04   3.28854055e+01   4.37409172e+01
    4.06773570e+04]
 [  3.27639262e+01   3.02174194e+01   8.58112449e+04   3.24334192e+01
    1.73450284e+01   4.40932797e+04   3.31132514e+01   4.38227315e+01
    4.17179652e+04]
 [  3.27125476e+01   3.02208764e+01   8.90384019e+04   3.23167165e+01
    1.73097183e+01   4.55837147e+04   3.31277722e+01   4.37646064e+01
    4.34546872e+04]
 [  3.31699988e+01   3.04440419e+01   8.95451791e+04   3.29939112e+01
    1.72186574e+01   4.46447766e+04   3.33450839e+01   4.35941319e+01
    4.49004024e+04]
 [  3.29185415e+01   3.01948727e+01   9.13286255e+04   3.27144260e+01
    1.72258090e+01   4.65784047e+04   3.31309958e+01   4.36937625e+01
    4.47502209e+04]
 [  3.31713165e+01   2.99729471e+01   9.29021724e+04   3.29874057e+01
    1.73686185e+01   4.82028273e+04   3.33696419e+01   4.35651882e+01
    4.46993452e+04]]
1.29046910007,0.271357568577,1.91288762595,0.638985266119,0.613987423474,0.623817500656
