[[  2.90704617e+01   2.70035509e+01   1.61603170e+05   3.40702902e+01
    1.42028140e+01   9.00310353e+04   2.27811462e+01   4.31056779e+01
    7.15721346e+04]
 [  2.92022286e+01   2.70504720e+01   1.63752222e+05   3.45048087e+01
    1.40726457e+01   9.04583344e+04   2.26578553e+01   4.30675313e+01
    7.32938879e+04]
 [  2.91368436e+01   2.66641867e+01   1.65589366e+05   3.37831188e+01
    1.39244269e+01   9.32868942e+04   2.31420750e+01   4.31014203e+01
    7.23024716e+04]
 [  2.97014342e+01   2.70463722e+01   1.61920332e+05   3.51443200e+01
    1.39009726e+01   8.90213314e+04   2.30548005e+01   4.30990061e+01
    7.28990004e+04]
 [  2.98006151e+01   2.67259848e+01   1.66395053e+05   3.52636049e+01
    1.39185583e+01   9.33480676e+04   2.28193614e+01   4.30928273e+01
    7.30469857e+04]
 [  3.21527486e+01   2.53775220e+01   1.84001377e+05   3.78421087e+01
    1.42768905e+01   1.13183757e+05   2.30597693e+01   4.31190275e+01
    7.08176197e+04]
 [  3.21097803e+01   2.52371342e+01   1.87867669e+05   3.77690772e+01
    1.42691946e+01   1.16401300e+05   2.28921649e+01   4.31012352e+01
    7.14663689e+04]
 [  3.02741509e+01   2.59795546e+01   1.73367815e+05   3.54347923e+01
    1.39236959e+01   1.01698777e+05   2.29511711e+01   4.30868876e+01
    7.16690377e+04]
 [  2.99381280e+01   2.57858036e+01   1.74137440e+05   3.47757643e+01
    1.37609765e+01   1.02684239e+05   2.29860390e+01   4.30664882e+01
    7.14532008e+04]
 [  2.95103733e+01   2.62261953e+01   1.74702335e+05   3.45419043e+01
    1.37386766e+01   1.00298871e+05   2.27276665e+01   4.30598740e+01
    7.44034643e+04]]
1.0815829978,0.65433946652,1.33774736992,0.186796006544,0.150537342285,0.0184636244853
