[[  3.46250552e+01   2.52741386e+01   9.50332694e+04   3.32225188e+01
    1.33543736e+01   5.89845302e+04   3.69199470e+01   4.47777816e+01
    3.60487391e+04]
 [  3.63871533e+01   2.81611310e+01   9.92124871e+04   3.42166326e+01
    1.36870818e+01   5.26952160e+04   3.88459402e+01   4.45574744e+01
    4.65172711e+04]
 [  3.73421249e+01   2.95621995e+01   1.00185451e+05   3.55158377e+01
    1.40772201e+01   4.91298615e+04   3.90995277e+01   4.44631124e+01
    5.10555896e+04]
 [  3.68566125e+01   2.90324667e+01   1.03706206e+05   3.53214563e+01
    1.40874572e+01   5.25325288e+04   3.84325328e+01   4.43743218e+01
    5.11736775e+04]
 [  3.58850063e+01   2.84371928e+01   1.06731562e+05   3.44588619e+01
    1.39157370e+01   5.59571119e+04   3.74567205e+01   4.44408859e+01
    5.07744504e+04]
 [  3.55112015e+01   2.79512656e+01   1.09100427e+05   3.40671856e+01
    1.37867317e+01   5.87592565e+04   3.71966868e+01   4.44844029e+01
    5.03411704e+04]
 [  3.59450600e+01   2.81974282e+01   1.11718533e+05   3.43839924e+01
    1.39011277e+01   5.93525418e+04   3.77144017e+01   4.44011082e+01
    5.23659915e+04]
 [  3.68161414e+01   2.89121972e+01   1.11223106e+05   3.54519254e+01
    1.41351463e+01   5.68348162e+04   3.82417234e+01   4.43539581e+01
    5.43882899e+04]
 [  3.73224123e+01   2.96669644e+01   1.11599295e+05   3.60676811e+01
    1.42950140e+01   5.45717182e+04   3.85231093e+01   4.43769307e+01
    5.70275772e+04]
 [  3.79450934e+01   3.02855525e+01   1.11059391e+05   3.67989952e+01
    1.44598987e+01   5.23511459e+04   3.89670888e+01   4.43975586e+01
    5.87082446e+04]]
0.942323716498,1.3048457726,1.01197996547,0.299752270146,0.73295226506,0.120097644587
