[[  3.67521571e+01   2.91008693e+01   1.11705550e+05   3.97246548e+01
    1.40942889e+01   5.55247328e+04   3.38143724e+01   4.39322016e+01
    5.61808170e+04]
 [  3.63088965e+01   2.93237774e+01   1.19173944e+05   3.97496798e+01
    1.40320909e+01   5.74737190e+04   3.31038091e+01   4.35679733e+01
    6.17002254e+04]
 [  3.65305582e+01   2.90214573e+01   1.20769944e+05   4.04183149e+01
    1.41868086e+01   5.95795148e+04   3.27451515e+01   4.34655652e+01
    6.11904296e+04]
 [  3.55115391e+01   2.89141183e+01   1.19873394e+05   3.94732516e+01
    1.39592455e+01   5.95409744e+04   3.16017966e+01   4.36728121e+01
    6.03324195e+04]
 [  3.49604730e+01   2.85034722e+01   1.17931689e+05   3.75915151e+01
    1.37460568e+01   6.01856933e+04   3.22182726e+01   4.38843704e+01
    5.77459954e+04]
 [  3.51721858e+01   2.85509638e+01   1.17790907e+05   3.80347639e+01
    1.36080728e+01   5.95987698e+04   3.22404128e+01   4.38550576e+01
    5.81921370e+04]
 [  3.53225322e+01   2.86411852e+01   1.22229098e+05   3.81656999e+01
    1.36264811e+01   6.10981216e+04   3.24808925e+01   4.36478198e+01
    6.11309760e+04]
 [  3.53591482e+01   2.83970314e+01   1.24633573e+05   3.81241020e+01
    1.35293550e+01   6.30521675e+04   3.25281585e+01   4.36197957e+01
    6.15814058e+04]
 [  3.53544012e+01   2.83712626e+01   1.26228197e+05   3.81638106e+01
    1.35449689e+01   6.39737319e+04   3.24674050e+01   4.36070107e+01
    6.22544648e+04]
 [  3.54142012e+01   2.83033827e+01   1.27206576e+05   3.82058232e+01
    1.35513286e+01   6.47605655e+04   3.25191080e+01   4.36022200e+01
    6.24460108e+04]]
0.589792287423,0.334485786899,0.920865442917,0.24165316481,0.552867043089,0.145030589941
