[[  3.20695872e+01   2.85379477e+01   1.34830954e+05   3.28692057e+01
    1.50167463e+01   7.63375764e+04   3.10260341e+01   4.61839752e+01
    5.84933773e+04]
 [  3.16594599e+01   2.97796910e+01   1.38442879e+05   3.23282043e+01
    1.50205130e+01   7.30294885e+04   3.09128535e+01   4.62572840e+01
    6.54133900e+04]
 [  3.04697565e+01   3.16856248e+01   1.37334484e+05   3.07399490e+01
    1.46533209e+01   6.39757765e+04   3.02341229e+01   4.65394152e+01
    7.33587074e+04]
 [  3.02209886e+01   3.18882982e+01   1.46830893e+05   3.01275848e+01
    1.44337627e+01   6.70049440e+04   3.02993906e+01   4.65394259e+01
    7.98259491e+04]
 [  3.02599714e+01   3.16699772e+01   1.50482477e+05   3.03909645e+01
    1.45562756e+01   6.98927125e+04   3.01463656e+01   4.65120982e+01
    8.05897640e+04]
 [  3.01038044e+01   3.10728148e+01   1.54024285e+05   3.02371046e+01
    1.44816599e+01   7.41759034e+04   2.99799739e+01   4.64853237e+01
    7.98483821e+04]
 [  3.03426008e+01   3.09668701e+01   1.56911650e+05   3.05082080e+01
    1.45367533e+01   7.61387655e+04   3.01864948e+01   4.64543547e+01
    8.07728846e+04]
 [  3.06086183e+01   3.09844281e+01   1.57944494e+05   3.08894216e+01
    1.46367048e+01   7.67298755e+04   3.03433213e+01   4.64294156e+01
    8.12146185e+04]
 [  3.07996174e+01   3.08071247e+01   1.58982886e+05   3.11795223e+01
    1.47076773e+01   7.82317262e+04   3.04315655e+01   4.64042700e+01
    8.07511598e+04]
 [  3.11319905e+01   3.05236758e+01   1.59802109e+05   3.16710555e+01
    1.48256117e+01   8.03127559e+04   3.05873415e+01   4.63843507e+01
    7.94893530e+04]]
0.625786459267,0.953702820725,0.876799089558,0.197287776401,0.318754280907,0.112353468878
