[[  3.58406817e+01   2.78721556e+01   1.00879504e+05   3.62523308e+01
    1.41725124e+01   5.23408297e+04   3.53967871e+01   4.26449262e+01
    4.85386739e+04]
 [  3.62938791e+01   2.84109680e+01   1.01595796e+05   3.65932151e+01
    1.42942255e+01   5.07946245e+04   3.59945817e+01   4.25258912e+01
    5.08011716e+04]
 [  3.58275455e+01   2.90081178e+01   1.04697103e+05   3.55990427e+01
    1.40766303e+01   4.98631257e+04   3.60353338e+01   4.25860247e+01
    5.48339772e+04]
 [  3.57018071e+01   2.96457737e+01   1.06625968e+05   3.53603303e+01
    1.39964544e+01   4.84038684e+04   3.59856994e+01   4.26560842e+01
    5.82220998e+04]
 [  3.59481586e+01   3.04297193e+01   1.09544221e+05   3.52555283e+01
    1.40589330e+01   4.68132885e+04   3.64650376e+01   4.26465048e+01
    6.27309327e+04]
 [  3.56902878e+01   3.10226133e+01   1.07509051e+05   3.53238930e+01
    1.40630663e+01   4.38506514e+04   3.59426764e+01   4.27050806e+01
    6.36584000e+04]
 [  3.44646482e+01   3.05170980e+01   1.14980390e+05   3.34708490e+01
    1.36544629e+01   4.85440123e+04   3.51908017e+01   4.28383593e+01
    6.64363779e+04]
 [  3.43563591e+01   2.98847022e+01   1.18383639e+05   3.33805367e+01
    1.35901349e+01   5.24753279e+04   3.51332960e+01   4.28582218e+01
    6.59083113e+04]
 [  3.45044803e+01   2.92282093e+01   1.20356963e+05   3.35422016e+01
    1.36555744e+01   5.60587364e+04   3.53434478e+01   4.28052905e+01
    6.42982262e+04]
 [  3.46491579e+01   2.88812186e+01   1.22058461e+05   3.37715770e+01
    1.36820328e+01   5.82432596e+04   3.54501139e+01   4.27533071e+01
    6.38152011e+04]]
0.70209431569,0.944460248047,1.14674878967,0.240755547131,0.422680175409,0.104508337914
