[[  3.62726552e+01   2.97886734e+01   1.46385003e+05   3.18109542e+01
    1.50011592e+01   7.13649012e+04   4.05169689e+01   4.38556962e+01
    7.50201018e+04]
 [  3.69742446e+01   3.03561515e+01   1.45830355e+05   3.28206565e+01
    1.47659768e+01   6.75863882e+04   4.05620742e+01   4.38227949e+01
    7.82439665e+04]
 [  3.70013726e+01   2.99100401e+01   1.47049200e+05   3.29694201e+01
    1.47716251e+01   6.98903314e+04   4.06535061e+01   4.36223826e+01
    7.71588683e+04]
 [  3.72181316e+01   2.97815691e+01   1.47846046e+05   3.34077700e+01
    1.48425627e+01   7.12180397e+04   4.07594803e+01   4.36658759e+01
    7.66280064e+04]
 [  3.70802714e+01   2.95482072e+01   1.50906078e+05   3.34543575e+01
    1.48648357e+01   7.38358271e+04   4.05540158e+01   4.36153584e+01
    7.70702508e+04]
 [  3.71875964e+01   2.92384617e+01   1.54209291e+05   3.35628723e+01
    1.48485102e+01   7.68743932e+04   4.07907364e+01   4.35427256e+01
    7.73348982e+04]
 [  3.72748944e+01   2.91421731e+01   1.56128161e+05   3.37017291e+01
    1.48352203e+01   7.83036212e+04   4.08700558e+01   4.35371981e+01
    7.78245401e+04]
 [  3.82002039e+01   2.96054494e+01   1.53250625e+05   3.53433523e+01
    1.49853544e+01   7.47533444e+04   4.09207977e+01   4.35282374e+01
    7.84972804e+04]
 [  3.73231231e+01   2.91908230e+01   1.58761365e+05   3.38445651e+01
    1.48726911e+01   7.94675212e+04   4.08093002e+01   4.35403159e+01
    7.92938436e+04]
 [  3.73005404e+01   2.93221888e+01   1.60449885e+05   3.37247976e+01
    1.48523000e+01   7.96276753e+04   4.08234346e+01   4.35782158e+01
    8.08222097e+04]]
0.446508825957,0.363694338987,0.848847244478,0.0730904115226,0.136323855832,0.112680901049
