[[  4.23272769e+01   2.54951422e+01   1.82135775e+05   4.67507063e+01
    1.69965509e+01   1.34981277e+05   2.96650671e+01   4.98226347e+01
    4.71544983e+04]
 [  4.21499480e+01   2.56624801e+01   1.86380543e+05   4.66550895e+01
    1.69754106e+01   1.37058554e+05   2.96308222e+01   4.98025689e+01
    4.93219889e+04]
 [  4.21023492e+01   2.56708908e+01   1.89266942e+05   4.65714247e+01
    1.69483941e+01   1.38910841e+05   2.97740904e+01   4.97325103e+01
    5.03561013e+04]
 [  4.20295151e+01   2.55990863e+01   1.90427219e+05   4.64493321e+01
    1.69085486e+01   1.39992472e+05   2.97613637e+01   4.97215402e+01
    5.04347467e+04]
 [  4.21472208e+01   2.51239199e+01   1.89588633e+05   4.63423666e+01
    1.68679511e+01   1.41719428e+05   2.97272596e+01   4.95661725e+01
    4.78692045e+04]
 [  4.23001924e+01   2.47599196e+01   1.91168505e+05   4.63270784e+01
    1.68859163e+01   1.45000454e+05   2.96529117e+01   4.94898796e+01
    4.61680507e+04]
 [  4.24274107e+01   2.45676728e+01   1.92721675e+05   4.63481503e+01
    1.69061654e+01   1.47278056e+05   2.97206999e+01   4.93978243e+01
    4.54436186e+04]
 [  4.24854797e+01   2.45737389e+01   1.94488568e+05   4.63795068e+01
    1.69174156e+01   1.48603733e+05   2.98741894e+01   4.93696923e+01
    4.58848350e+04]
 [  4.24681514e+01   2.47027173e+01   1.96087554e+05   4.63701341e+01
    1.69172861e+01   1.48983351e+05   3.01267800e+01   4.93268387e+01
    4.71042033e+04]
 [  4.22877946e+01   2.48035202e+01   1.97096742e+05   4.62541577e+01
    1.68939234e+01   1.48985506e+05   3.00052041e+01   4.92970769e+01
    4.81112358e+04]]
0.151771283139,0.443806363918,0.152882150855,0.0382009266433,0.153696163182,0.193416840423
