[[  3.67301200e+01   3.19926326e+01   1.04873136e+05   2.89007038e+01
    1.39560018e+01   4.11253431e+04   4.17810781e+01   4.36285278e+01
    6.37477928e+04]
 [  3.79447788e+01   3.29982584e+01   1.02329670e+05   3.05981973e+01
    1.35220370e+01   3.61562718e+04   4.19588541e+01   4.36398088e+01
    6.61733981e+04]
 [  3.81049458e+01   3.30709006e+01   1.03425263e+05   3.10220691e+01
    1.34980133e+01   3.62205055e+04   4.19223151e+01   4.36198542e+01
    6.72047574e+04]
 [  3.79873115e+01   3.30100026e+01   1.04032309e+05   3.10101254e+01
    1.34941290e+01   3.67093108e+04   4.17917720e+01   4.36514518e+01
    6.73229982e+04]
 [  3.79704073e+01   3.28098387e+01   1.04696532e+05   3.11146084e+01
    1.35243972e+01   3.75891989e+04   4.18105836e+01   4.36122989e+01
    6.71073328e+04]
 [  3.81813359e+01   3.26307133e+01   1.06141753e+05   3.14603452e+01
    1.35029058e+01   3.85920174e+04   4.20211228e+01   4.35586715e+01
    6.75497353e+04]
 [  3.79440085e+01   3.20738015e+01   1.09443650e+05   3.11457694e+01
    1.33352446e+01   4.15854636e+04   4.21101665e+01   4.35573323e+01
    6.78581865e+04]
 [  3.96287574e+01   3.34195295e+01   1.03311488e+05   3.46853557e+01
    1.35416451e+01   3.48787047e+04   4.21483019e+01   4.35508558e+01
    6.84327838e+04]
 [  3.82122007e+01   3.26918251e+01   1.08625619e+05   3.15672474e+01
    1.35249435e+01   3.93203116e+04   4.19822097e+01   4.35661402e+01
    6.93053071e+04]
 [  3.82617466e+01   3.27884988e+01   1.09922564e+05   3.15605203e+01
    1.35185552e+01   3.94822664e+04   4.20178296e+01   4.35894335e+01
    7.04402973e+04]]
0.658548615954,0.416411707774,1.34513172056,0.148811530807,0.122200874164,0.0356756556072
