[[  3.47667927e+01   2.98825085e+01   1.78621940e+05   3.25308143e+01
    1.37756204e+01   8.64922597e+04   3.68659515e+01   4.50038152e+01
    9.21296807e+04]
 [  3.65181269e+01   3.19800324e+01   1.62582497e+05   3.58056588e+01
    1.47834861e+01   6.98817630e+04   3.70552158e+01   4.49435218e+01
    9.27007335e+04]
 [  3.64879085e+01   3.19664045e+01   1.65677592e+05   3.58253288e+01
    1.47431695e+01   7.12367659e+04   3.69876927e+01   4.49578999e+01
    9.44408260e+04]
 [  3.64637557e+01   3.21242999e+01   1.66761664e+05   3.57073806e+01
    1.46669826e+01   7.07368154e+04   3.70209402e+01   4.49842528e+01
    9.60248488e+04]
 [  3.73267485e+01   3.19705489e+01   1.68105428e+05   3.71178598e+01
    1.45416609e+01   7.17536343e+04   3.74823088e+01   4.49499238e+01
    9.63517941e+04]
 [  3.77006341e+01   3.18162495e+01   1.76175648e+05   3.69925646e+01
    1.47138684e+01   7.58432746e+04   3.82358782e+01   4.47442860e+01
    1.00332374e+05]
 [  3.79736709e+01   3.17698405e+01   1.74289322e+05   3.76866805e+01
    1.45705284e+01   7.51497455e+04   3.81912153e+01   4.48072567e+01
    9.91395768e+04]
 [  3.77692034e+01   3.15741654e+01   1.74488909e+05   3.77875451e+01
    1.45937299e+01   7.68247528e+04   3.77547753e+01   4.49313459e+01
    9.76641560e+04]
 [  3.71963351e+01   3.10390495e+01   1.76757331e+05   3.69591405e+01
    1.47125480e+01   8.11514926e+04   3.73976690e+01   4.48971988e+01
    9.56058380e+04]
 [  3.67967980e+01   3.07130942e+01   1.76256267e+05   3.68874071e+01
    1.47013914e+01   8.27673375e+04   3.67165801e+01   4.48885268e+01
    9.34889293e+04]]
0.888054445486,0.684306256936,1.45197620076,0.278315679699,0.513193617932,0.0764318549259
