[[  3.67923610e+01   2.69276319e+01   1.56646230e+05   3.58159314e+01
    1.32275406e+01   8.77764387e+04   3.80368473e+01   4.43887744e+01
    6.88697909e+04]
 [  3.76475231e+01   2.85727496e+01   1.48871181e+05   3.69476328e+01
    1.34551125e+01   7.58373695e+04   3.83742802e+01   4.42707094e+01
    7.30338118e+04]
 [  3.80935259e+01   2.85474863e+01   1.49703809e+05   3.76416398e+01
    1.37059193e+01   7.67826535e+04   3.85693413e+01   4.41749799e+01
    7.29211554e+04]
 [  3.78530988e+01   2.74916695e+01   1.61066537e+05   3.73979683e+01
    1.37149247e+01   8.82121076e+04   3.84041705e+01   4.41725453e+01
    7.28544295e+04]
 [  3.75311566e+01   2.74010220e+01   1.61834351e+05   3.73193275e+01
    1.36714382e+01   8.89969779e+04   3.77899819e+01   4.41766333e+01
    7.28373736e+04]
 [  3.75782956e+01   2.72716742e+01   1.63690883e+05   3.74824983e+01
    1.37003273e+01   9.07937872e+04   3.76976117e+01   4.41748712e+01
    7.28970959e+04]
 [  3.79491990e+01   2.73185741e+01   1.65788811e+05   3.78534764e+01
    1.38023099e+01   9.19990334e+04   3.80685434e+01   4.41702749e+01
    7.37897773e+04]
 [  3.81215915e+01   2.73702651e+01   1.67525397e+05   3.82349456e+01
    1.38964017e+01   9.28695528e+04   3.79805825e+01   4.41313331e+01
    7.46558438e+04]
 [  3.83319650e+01   2.76228579e+01   1.67472318e+05   3.85231371e+01
    1.39862986e+01   9.16921157e+04   3.81006515e+01   4.41227475e+01
    7.57802020e+04]
 [  3.85041608e+01   2.77789233e+01   1.66556790e+05   3.87995143e+01
    1.40618316e+01   9.05484146e+04   3.81523075e+01   4.41200293e+01
    7.60083751e+04]]
0.462306359127,0.510932396043,0.806350752274,0.232649593943,0.257874833214,0.0775963390277
