[[  2.96737914e+01   2.99877264e+01   1.21008936e+05   3.73521835e+01
    1.43212914e+01   5.48765586e+04   2.33022719e+01   4.29877132e+01
    6.61323775e+04]
 [  3.04901192e+01   2.93901842e+01   1.21826612e+05   3.81714252e+01
    1.45510650e+01   5.80475615e+04   2.34990919e+01   4.28957895e+01
    6.37790501e+04]
 [  3.08565502e+01   2.90169029e+01   1.28669919e+05   3.87420804e+01
    1.45614017e+01   6.28395845e+04   2.33292689e+01   4.28156736e+01
    6.58303344e+04]
 [  3.12837361e+01   2.86635850e+01   1.28195846e+05   3.89523767e+01
    1.45755335e+01   6.43630132e+04   2.35514016e+01   4.28686486e+01
    6.38328331e+04]
 [  3.12864996e+01   2.85523991e+01   1.29776638e+05   3.88435979e+01
    1.45425321e+01   6.56370880e+04   2.35529573e+01   4.28893701e+01
    6.41395500e+04]
 [  3.15203974e+01   2.83005445e+01   1.29575835e+05   3.90254346e+01
    1.44941311e+01   6.65926296e+04   2.35852635e+01   4.28981721e+01
    6.29832050e+04]
 [  3.16403757e+01   2.73593888e+01   1.29559833e+05   3.93486559e+01
    1.44841847e+01   7.02601488e+04   2.25073606e+01   4.26143395e+01
    5.92996840e+04]
 [  3.17908624e+01   2.72299446e+01   1.32034806e+05   3.96028941e+01
    1.45301112e+01   7.22548590e+04   2.23486115e+01   4.25799864e+01
    5.97799465e+04]
 [  3.19548004e+01   2.63709410e+01   1.38896499e+05   3.89446168e+01
    1.43384698e+01   7.96365705e+04   2.25615219e+01   4.25408009e+01
    5.92599284e+04]
 [  3.22412374e+01   2.60510942e+01   1.37197693e+05   3.86937715e+01
    1.43072694e+01   7.98590234e+04   2.32544039e+01   4.24074274e+01
    5.73386695e+04]]
0.72185722441,1.22979152447,0.594811222962,0.100803265055,0.458535805717,0.185999962641
