[[  3.61304500e+01   3.02608799e+01   5.59808582e+04   3.92718080e+01
    1.31543430e+01   2.76921390e+04   3.30553401e+01   4.70066574e+01
    2.82887192e+04]
 [  3.61793838e+01   3.02045988e+01   5.59772022e+04   3.94012960e+01
    1.32527243e+01   2.79083968e+04   3.29758843e+01   4.70595961e+01
    2.80688053e+04]
 [  3.58722759e+01   2.99444046e+01   5.87034467e+04   3.91206516e+01
    1.31069188e+01   2.95561202e+04   3.25783414e+01   4.70180376e+01
    2.91473265e+04]
 [  3.56136190e+01   2.98203784e+01   5.92475317e+04   3.86441203e+01
    1.30022767e+01   2.99790570e+04   3.25095431e+01   4.70467912e+01
    2.92684747e+04]
 [  3.53821448e+01   2.91651657e+01   5.69785516e+04   3.81668270e+01
    1.28238044e+01   2.99808162e+04   3.22897726e+01   4.73121451e+01
    2.69977354e+04]
 [  3.30863232e+01   3.13345103e+01   5.32167999e+04   3.40069104e+01
    1.20593446e+01   2.37983469e+04   3.23416052e+01   4.69273451e+01
    2.94184529e+04]
 [  3.30200905e+01   3.19538482e+01   5.22875805e+04   3.40042056e+01
    1.25162994e+01   2.27738050e+04   3.22607147e+01   4.69525034e+01
    2.95137755e+04]
 [  3.30609312e+01   3.09531811e+01   5.17372280e+04   3.39236247e+01
    1.23539994e+01   2.41831544e+04   3.23037782e+01   4.72769702e+01
    2.75540736e+04]
 [  3.29707718e+01   3.09439376e+01   5.09854553e+04   3.38895195e+01
    1.23974873e+01   2.39372278e+04   3.21576954e+01   4.73572350e+01
    2.70482276e+04]
 [  3.35398191e+01   3.02540419e+01   5.04583084e+04   3.48687113e+01
    1.26595901e+01   2.48140663e+04   3.22539468e+01   4.72789120e+01
    2.56442421e+04]]
1.3747038138,0.772470163402,2.42678516415,0.378230461354,0.296037651294,0.15504318397
