[[  3.33054709e+01   3.13494217e+01   1.16008041e+05   3.62205498e+01
    1.60790168e+01   5.95929712e+04   3.02261835e+01   4.74800194e+01
    5.64150697e+04]
 [  3.33782278e+01   3.13307763e+01   1.17809163e+05   3.63473894e+01
    1.61052208e+01   6.06686162e+04   3.02257391e+01   4.74964140e+01
    5.71405473e+04]
 [  3.35995911e+01   3.16103169e+01   1.21389681e+05   3.64879359e+01
    1.61349262e+01   6.12791365e+04   3.06550948e+01   4.73865603e+01
    6.01105448e+04]
 [  3.41577704e+01   3.20758227e+01   1.22603160e+05   3.73300410e+01
    1.62938011e+01   5.99733455e+04   3.11200529e+01   4.71884436e+01
    6.26298141e+04]
 [  3.37957774e+01   3.16917496e+01   1.24871359e+05   3.68408460e+01
    1.61886484e+01   6.27461285e+04   3.07202754e+01   4.73497934e+01
    6.21252307e+04]
 [  3.37219734e+01   3.13157860e+01   1.26754567e+05   3.64101364e+01
    1.60881219e+01   6.50378528e+04   3.08891532e+01   4.73628907e+01
    6.17167143e+04]
 [  3.40870406e+01   3.16898952e+01   1.26856335e+05   3.68533124e+01
    1.61990194e+01   6.35125403e+04   3.13133994e+01   4.72220383e+01
    6.33437944e+04]
 [  3.41643646e+01   3.16534776e+01   1.27708064e+05   3.69349280e+01
    1.62209592e+01   6.41168175e+04   3.13709029e+01   4.72135433e+01
    6.35912463e+04]
 [  3.42671665e+01   3.17136824e+01   1.28887958e+05   3.70141713e+01
    1.62600633e+01   6.45215846e+04   3.15135377e+01   4.72045661e+01
    6.43663732e+04]
 [  3.42918495e+01   3.17190100e+01   1.29933633e+05   3.70199251e+01
    1.62499839e+01   6.50255678e+04   3.15588353e+01   4.72160396e+01
    6.49080657e+04]]
0.348261789302,0.220626400763,0.34038945784,0.0725234118626,0.470896209681,0.112080313561
