[[  3.39200166e+01   2.40821113e+01   8.38661841e+04   3.54516035e+01
    1.38560675e+01   5.50969500e+04   3.09868220e+01   4.36663598e+01
    2.87692340e+04]
 [  3.21660328e+01   2.37646479e+01   8.38023503e+04   3.33589188e+01
    1.34431746e+01   5.52586637e+04   2.98566856e+01   4.37463283e+01
    2.85436866e+04]
 [  3.14110658e+01   2.45804461e+01   8.58209082e+04   3.18925014e+01
    1.33057515e+01   5.40861522e+04   3.05905458e+01   4.37961240e+01
    3.17347560e+04]
 [  3.13965336e+01   2.51591020e+01   8.94806034e+04   3.17593162e+01
    1.33059225e+01   5.47471536e+04   3.08247127e+01   4.38421825e+01
    3.47334498e+04]
 [  3.15288418e+01   2.56409307e+01   9.23033855e+04   3.18387699e+01
    1.33685866e+01   5.51592098e+04   3.10685976e+01   4.38653977e+01
    3.71441757e+04]
 [  3.17497201e+01   2.59210718e+01   9.44009427e+04   3.19840277e+01
    1.34131930e+01   5.56835810e+04   3.14127373e+01   4.39099908e+01
    3.87173617e+04]
 [  3.20134876e+01   2.59006151e+01   9.68059589e+04   3.23398689e+01
    1.34449423e+01   5.72537796e+04   3.15410342e+01   4.39308313e+01
    3.95521793e+04]
 [  3.14902919e+01   2.62633130e+01   9.68271403e+04   3.15861693e+01
    1.34255231e+01   5.61159838e+04   3.13581351e+01   4.39588361e+01
    4.07111565e+04]
 [  3.12914365e+01   2.62749325e+01   9.75425230e+04   3.12651702e+01
    1.34315825e+01   5.64839078e+04   3.13275707e+01   4.39433950e+01
    4.10586151e+04]
 [  3.13569743e+01   2.59657143e+01   9.93305061e+04   3.14414782e+01
    1.34148451e+01   5.84660354e+04   3.12360720e+01   4.39226229e+01
    4.08644706e+04]]
0.748628183564,0.867867737934,1.18925524029,0.146924672017,0.475465182508,0.0910897533528
