[[  3.52187970e+01   2.87550568e+01   1.36449629e+05   3.60716536e+01
    1.30143260e+01   6.92780181e+04   3.43391960e+01   4.49893947e+01
    6.71716113e+04]
 [  3.54098888e+01   2.81165243e+01   1.40391159e+05   3.61082472e+01
    1.30197926e+01   7.39793414e+04   3.46319536e+01   4.49335053e+01
    6.64118172e+04]
 [  3.56364931e+01   2.79112784e+01   1.43648809e+05   3.63426951e+01
    1.30884650e+01   7.67753445e+04   3.48257245e+01   4.49288894e+01
    6.68734644e+04]
 [  3.54701862e+01   2.78979853e+01   1.46916123e+05   3.60081003e+01
    1.30875238e+01   7.86617848e+04   3.48502507e+01   4.49667514e+01
    6.82543381e+04]
 [  3.51250529e+01   2.80468750e+01   1.52297028e+05   3.57544608e+01
    1.31032565e+01   8.07822173e+04   3.44140818e+01   4.49269956e+01
    7.15148111e+04]
 [  3.46929803e+01   2.82491908e+01   1.55378374e+05   3.53345808e+01
    1.30298538e+01   8.12151722e+04   3.39903718e+01   4.49156917e+01
    7.41632021e+04]
 [  3.43058206e+01   2.83635950e+01   1.59137664e+05   3.48713012e+01
    1.29751860e+01   8.24749106e+04   3.36974684e+01   4.49186704e+01
    7.66627530e+04]
 [  3.42974135e+01   2.86259560e+01   1.60488899e+05   3.47871007e+01
    1.29891083e+01   8.18766246e+04   3.37873922e+01   4.49121189e+01
    7.86122742e+04]
 [  3.44494216e+01   2.91531465e+01   1.59493872e+05   3.52041008e+01
    1.30480404e+01   7.87953371e+04   3.37125409e+01   4.48784291e+01
    8.06985348e+04]
 [  3.42345494e+01   2.94127592e+01   1.61001649e+05   3.48496922e+01
    1.30733148e+01   7.83020134e+04   3.36521174e+01   4.48833400e+01
    8.26996353e+04]]
0.517892139139,0.496153491739,0.562147100576,0.0420252391451,0.454938276313,0.031901255855
