[[  2.96153377e+01   3.01933924e+01   1.89249717e+05   3.21111711e+01
    1.48152492e+01   8.91048761e+04   2.73946450e+01   4.38762494e+01
    1.00144841e+05]
 [  2.93485735e+01   3.04474969e+01   1.91374847e+05   3.25814827e+01
    1.48735944e+01   8.82907601e+04   2.65796106e+01   4.37864294e+01
    1.03084087e+05]
 [  2.97927673e+01   2.99319348e+01   1.85845990e+05   3.27684741e+01
    1.48837670e+01   8.95668325e+04   2.70245188e+01   4.39309846e+01
    9.62791577e+04]
 [  2.89810756e+01   2.97732934e+01   1.97679247e+05   3.18859102e+01
    1.46816408e+01   9.54047736e+04   2.62713565e+01   4.38512511e+01
    1.02274473e+05]
 [  2.89799528e+01   2.99718885e+01   1.98482817e+05   3.20530128e+01
    1.45693133e+01   9.41997956e+04   2.62040298e+01   4.38851739e+01
    1.04283021e+05]
 [  2.89077251e+01   2.99359728e+01   2.01469196e+05   3.18548415e+01
    1.46970849e+01   9.63270935e+04   2.62076920e+01   4.38972475e+01
    1.05142103e+05]
 [  2.89032953e+01   3.02721597e+01   2.02796868e+05   3.24420130e+01
    1.46329070e+01   9.40795296e+04   2.58410339e+01   4.38057281e+01
    1.08717338e+05]
 [  2.92143583e+01   2.98738450e+01   2.01137338e+05   3.24319755e+01
    1.45681974e+01   9.61151269e+04   2.62696319e+01   4.38813986e+01
    1.05022211e+05]
 [  2.92959335e+01   3.00220792e+01   2.02118381e+05   3.25952874e+01
    1.48195184e+01   9.64214580e+04   2.62861154e+01   4.38905346e+01
    1.05696923e+05]
 [  2.93149883e+01   2.99529686e+01   2.02952882e+05   3.25576649e+01
    1.47911291e+01   9.71752459e+04   2.63360230e+01   4.38817681e+01
    1.05777636e+05]]
0.287377658905,0.194214610249,0.307932456707,0.11314848071,0.42811748652,0.0410729439513
