[[  3.76693241e+01   2.26085726e+01   1.02649239e+05   3.77699419e+01
    1.33129076e+01   7.31650140e+04   3.74196412e+01   4.56757372e+01
    2.94842245e+04]
 [  3.76144849e+01   2.26593281e+01   1.03839461e+05   3.77882059e+01
    1.33141507e+01   7.38988075e+04   3.71857108e+01   4.57248724e+01
    2.99406531e+04]
 [  3.73048849e+01   2.26142871e+01   1.05233938e+05   3.73536652e+01
    1.33082832e+01   7.50299278e+04   3.71837094e+01   4.57313763e+01
    3.02040102e+04]
 [  3.72155198e+01   2.27455049e+01   1.06101632e+05   3.73699624e+01
    1.33198773e+01   7.53246037e+04   3.68375326e+01   4.58140632e+01
    3.07770280e+04]
 [  3.71635641e+01   2.27783583e+01   1.06579102e+05   3.73724653e+01
    1.33210698e+01   7.55860077e+04   3.66540955e+01   4.58428087e+01
    3.09930943e+04]
 [  3.71583452e+01   2.28150954e+01   1.07209905e+05   3.73971359e+01
    1.33186842e+01   7.59178366e+04   3.65790139e+01   4.58543839e+01
    3.12920682e+04]
 [  3.71942524e+01   2.27971740e+01   1.07963033e+05   3.74660788e+01
    1.33334322e+01   7.65499276e+04   3.65318444e+01   4.58591648e+01
    3.14131055e+04]
 [  3.72506183e+01   2.28235567e+01   1.08369110e+05   3.75261987e+01
    1.33339923e+01   7.67394383e+04   3.65820091e+01   4.58469965e+01
    3.16296716e+04]
 [  3.73583306e+01   2.28299042e+01   1.08840815e+05   3.76310963e+01
    1.33499176e+01   7.70800318e+04   3.66963572e+01   4.58368202e+01
    3.17607829e+04]
 [  3.74983907e+01   2.28631000e+01   1.10056628e+05   3.78106900e+01
    1.33656187e+01   7.78747022e+04   3.67426804e+01   4.58453645e+01
    3.21819254e+04]]
0.178670398095,0.088540094176,0.17694276493,0.0172327069213,0.294605503656,0.0630916787408
