[[  2.94262032e+01   2.62555710e+01   7.56765155e+04   3.04295358e+01
    1.38253044e+01   4.76274760e+04   2.77225370e+01   4.73622553e+01
    2.80490394e+04]
 [  2.98551758e+01   2.59193345e+01   7.92178792e+04   3.08176754e+01
    1.37069852e+01   5.04406602e+04   2.81681083e+01   4.73251194e+01
    2.87772189e+04]
 [  3.02850266e+01   2.56761202e+01   8.15592508e+04   3.11708513e+01
    1.36761921e+01   5.26019906e+04   2.86758916e+01   4.74744569e+01
    2.89572602e+04]
 [  3.03412507e+01   2.57345391e+01   8.34089217e+04   3.13668523e+01
    1.37251352e+01   5.35966515e+04   2.84974190e+01   4.73251068e+01
    2.98122702e+04]
 [  3.04746152e+01   2.57661863e+01   8.43502167e+04   3.15533964e+01
    1.37569288e+01   5.41859964e+04   2.85367288e+01   4.73392148e+01
    3.01642202e+04]
 [  3.06187056e+01   2.58515694e+01   8.56361786e+04   3.17540711e+01
    1.37852038e+01   5.48688507e+04   2.85939539e+01   4.73700975e+01
    3.07673279e+04]
 [  3.07502650e+01   2.58074236e+01   8.64762095e+04   3.19484277e+01
    1.38124360e+01   5.55554898e+04   2.85975172e+01   4.73589082e+01
    3.09207197e+04]
 [  3.08080628e+01   2.54555986e+01   8.91877489e+04   3.18804136e+01
    1.37555621e+01   5.80960972e+04   2.88043290e+01   4.73176233e+01
    3.10916517e+04]
 [  3.12149892e+01   2.51345777e+01   8.91747666e+04   3.22345829e+01
    1.38066498e+01   5.91219183e+04   2.92091782e+01   4.74196145e+01
    3.00528484e+04]
 [  3.14357349e+01   2.53008737e+01   8.73461962e+04   3.25452420e+01
    1.38551600e+01   5.75312745e+04   2.92948149e+01   4.73866771e+01
    2.98149217e+04]]
0.565236362694,0.305809637367,0.611042451008,0.0537083170375,0.43259760253,0.0463798566702
