[[  3.76047744e+01   2.92042329e+01   8.33279945e+04   3.94665617e+01
    1.83302579e+01   4.99110713e+04   3.48240336e+01   4.54454572e+01
    3.34169231e+04]
 [  3.72396419e+01   3.00671971e+01   8.39743158e+04   3.88767595e+01
    1.84261940e+01   4.79286388e+04   3.50628256e+01   4.55458197e+01
    3.60456770e+04]
 [  3.72287542e+01   3.06673552e+01   8.41507145e+04   3.87612581e+01
    1.85127031e+01   4.63040670e+04   3.53537886e+01   4.55381527e+01
    3.78466475e+04]
 [  3.69656024e+01   3.13755545e+01   8.44697362e+04   3.83174603e+01
    1.85777043e+01   4.44636453e+04   3.54631178e+01   4.55993653e+01
    4.00060910e+04]
 [  3.68518230e+01   3.21332479e+01   8.45659079e+04   3.82373550e+01
    1.84942958e+01   4.21798067e+04   3.54730344e+01   4.57058188e+01
    4.23861012e+04]
 [  3.60239132e+01   3.33760175e+01   8.24300372e+04   3.65411488e+01
    1.82692124e+01   3.72026438e+04   3.55984514e+01   4.58024043e+01
    4.52273935e+04]
 [  3.56937451e+01   3.32782871e+01   8.55010686e+04   3.60584804e+01
    1.82727452e+01   3.90165038e+04   3.53876069e+01   4.58730868e+01
    4.64845648e+04]
 [  3.59579606e+01   3.32445162e+01   8.64976464e+04   3.64124129e+01
    1.82536773e+01   3.96423375e+04   3.55734673e+01   4.59276445e+01
    4.68553090e+04]
 [  3.60451282e+01   3.31145125e+01   8.87166654e+04   3.66478867e+01
    1.83023045e+01   4.11899618e+04   3.55227355e+01   4.59518067e+01
    4.75267036e+04]
 [  3.62341105e+01   3.29742004e+01   8.98903322e+04   3.69017152e+01
    1.84373056e+01   4.23649923e+04   3.56389949e+01   4.59326650e+01
    4.75253400e+04]]
0.633709960974,1.44814461504,1.16964549504,0.110833452053,0.244468399378,0.180095542732
