[[  3.08744204e+01   2.79183543e+01   1.60990090e+05   2.97585134e+01
    1.27946218e+01   8.27552895e+04   3.20548056e+01   4.39159520e+01
    7.82348001e+04]
 [  3.09727844e+01   2.80609719e+01   1.64275475e+05   2.98201683e+01
    1.28259959e+01   8.36405021e+04   3.21683622e+01   4.38638052e+01
    8.06349731e+04]
 [  3.07861191e+01   2.79295500e+01   1.69393365e+05   2.95380644e+01
    1.28924929e+01   8.71939607e+04   3.21100074e+01   4.38802808e+01
    8.21994039e+04]
 [  3.06456803e+01   2.77016670e+01   1.71989940e+05   2.93315477e+01
    1.28046324e+01   8.93823243e+04   3.20675859e+01   4.38204180e+01
    8.26076153e+04]
 [  3.06696943e+01   2.76604517e+01   1.72463675e+05   2.91685753e+01
    1.28155934e+01   9.00397918e+04   3.23095156e+01   4.38769643e+01
    8.24238832e+04]
 [  3.04817875e+01   2.73426529e+01   1.77199809e+05   2.88703539e+01
    1.27858457e+01   9.40553941e+04   3.23046883e+01   4.38097391e+01
    8.31444153e+04]
 [  3.04016531e+01   2.73029740e+01   1.79342934e+05   2.88862465e+01
    1.27382614e+01   9.52770212e+04   3.21191559e+01   4.38100503e+01
    8.40659123e+04]
 [  3.01710296e+01   2.73942660e+01   1.80860674e+05   2.88394973e+01
    1.27010195e+01   9.55948132e+04   3.16638613e+01   4.38674258e+01
    8.52658607e+04]
 [  3.01358560e+01   2.75253271e+01   1.81052579e+05   2.90159812e+01
    1.27862778e+01   9.52233054e+04   3.13783014e+01   4.38775682e+01
    8.58292739e+04]
 [  2.98929752e+01   2.73065760e+01   1.86448501e+05   2.86928607e+01
    1.26426029e+01   9.89478011e+04   3.12500923e+01   4.38889335e+01
    8.75007003e+04]]
0.333886432382,0.268858977455,0.381659219077,0.0661613737652,0.357743948959,0.0340889968193
