[[  3.67892894e+01   2.88936922e+01   9.88530715e+04   3.99185771e+01
    1.40149534e+01   5.05739941e+04   3.35112528e+01   4.44796829e+01
    4.82790774e+04]
 [  3.64338987e+01   2.89437950e+01   1.04963876e+05   3.98595507e+01
    1.39355687e+01   5.27847641e+04   3.29684845e+01   4.41262245e+01
    5.21791117e+04]
 [  3.66149356e+01   2.87438759e+01   1.06566409e+05   4.05888209e+01
    1.41177356e+01   5.43906009e+04   3.24723643e+01   4.39908761e+01
    5.21758083e+04]
 [  3.62362580e+01   2.84502345e+01   1.02975080e+05   3.97687265e+01
    1.38827158e+01   5.38960804e+04   3.23570792e+01   4.44475482e+01
    4.90789998e+04]
 [  3.54679938e+01   2.85332934e+01   1.02027428e+05   3.85128495e+01
    1.36634428e+01   5.28457399e+04   3.21962954e+01   4.45109527e+01
    4.91816876e+04]
 [  3.56984102e+01   2.85512761e+01   1.01443996e+05   3.88434900e+01
    1.36385921e+01   5.24244565e+04   3.23348719e+01   4.44998013e+01
    4.90195390e+04]
 [  3.58875712e+01   2.85736746e+01   1.04705956e+05   3.89667284e+01
    1.36567703e+01   5.37737698e+04   3.26366230e+01   4.43228155e+01
    5.09321860e+04]
 [  3.59189092e+01   2.82906746e+01   1.06852885e+05   3.88874191e+01
    1.35549979e+01   5.56404998e+04   3.26937250e+01   4.43004817e+01
    5.12123856e+04]
 [  3.58432622e+01   2.83083840e+01   1.08762780e+05   3.89024666e+01
    1.35560156e+01   5.65477874e+04   3.25302054e+01   4.42849025e+01
    5.22149925e+04]
 [  3.59795941e+01   2.81850681e+01   1.09115398e+05   3.89615980e+01
    1.35774979e+01   5.72138380e+04   3.26923734e+01   4.42877662e+01
    5.19015599e+04]]
0.398457551892,0.240897606648,0.628802666622,0.197616130489,0.358161623924,0.160881711502
