[[  3.05313220e+01   3.20456263e+01   9.97408385e+04   4.28965112e+01
    1.48856383e+01   3.92925784e+04   2.24937016e+01   4.31999618e+01
    6.04482601e+04]
 [  3.14069296e+01   3.13216164e+01   1.00578610e+05   4.34395299e+01
    1.50713900e+01   4.23289546e+04   2.26630601e+01   4.31303573e+01
    5.82496559e+04]
 [  3.17358241e+01   3.08304110e+01   1.06666443e+05   4.36638874e+01
    1.51111689e+01   4.65976591e+04   2.24827680e+01   4.30244300e+01
    6.00687834e+04]
 [  3.24198265e+01   3.02995344e+01   1.05315359e+05   4.37186894e+01
    1.50980087e+01   4.81798539e+04   2.28919932e+01   4.31183112e+01
    5.71355046e+04]
 [  3.22365169e+01   3.03273375e+01   1.07382478e+05   4.36829177e+01
    1.50858997e+01   4.89488754e+04   2.26480539e+01   4.30948412e+01
    5.84336027e+04]
 [  3.26120332e+01   3.00361410e+01   1.06572519e+05   4.39491589e+01
    1.50827908e+01   4.96698685e+04   2.27159470e+01   4.30888007e+01
    5.69026508e+04]
 [  3.27877357e+01   2.88648340e+01   1.07238912e+05   4.40057493e+01
    1.50748936e+01   5.38709193e+04   2.14640063e+01   4.27847274e+01
    5.33679928e+04]
 [  3.28911855e+01   2.86315052e+01   1.09204353e+05   4.41574489e+01
    1.51089295e+01   5.57689264e+04   2.11329297e+01   4.27446054e+01
    5.34354267e+04]
 [  3.30694460e+01   2.82485500e+01   1.10064797e+05   4.38278465e+01
    1.49899286e+01   5.73782435e+04   2.13530196e+01   4.26878398e+01
    5.26865530e+04]
 [  3.34457562e+01   2.78370605e+01   1.08504074e+05   4.34418326e+01
    1.49296739e+01   5.78589640e+04   2.20258458e+01   4.25829661e+01
    5.06451105e+04]]
0.827657525269,1.3222607818,0.340370012035,0.0759484560919,0.612603189969,0.21020950234
