[[  2.61334355e+01   2.00788126e+01   1.42084845e+05   2.59419254e+01
    1.24340433e+01   1.08731774e+05   2.67577628e+01   4.50009354e+01
    3.33530710e+04]
 [  2.67067545e+01   2.07095907e+01   1.47218763e+05   2.67148290e+01
    1.25454426e+01   1.10228373e+05   2.66826929e+01   4.50380927e+01
    3.69903898e+04]
 [  2.66230032e+01   2.07712631e+01   1.53777653e+05   2.65382276e+01
    1.25599349e+01   1.14884174e+05   2.68734145e+01   4.50260141e+01
    3.88934792e+04]
 [  2.65953538e+01   2.12673276e+01   1.56490279e+05   2.64504255e+01
    1.25758093e+01   1.14534198e+05   2.69909875e+01   4.49939499e+01
    4.19560809e+04]
 [  2.66171797e+01   2.13396238e+01   1.59178765e+05   2.64277718e+01
    1.25776797e+01   1.16170844e+05   2.71287988e+01   4.50069489e+01
    4.30079211e+04]
 [  2.63734110e+01   2.14187985e+01   1.62401155e+05   2.61560145e+01
    1.25123314e+01   1.17914268e+05   2.69496292e+01   4.50257445e+01
    4.44868877e+04]
 [  2.63161621e+01   2.13697310e+01   1.64844770e+05   2.60904133e+01
    1.24968810e+01   1.19859703e+05   2.69176546e+01   4.50108464e+01
    4.49850670e+04]
 [  2.61999931e+01   2.12156305e+01   1.67672553e+05   2.59581859e+01
    1.24619194e+01   1.22560452e+05   2.68569344e+01   4.49976923e+01
    4.51121015e+04]
 [  2.60679211e+01   2.11591598e+01   1.69360299e+05   2.57724572e+01
    1.24229357e+01   1.23910918e+05   2.68734593e+01   4.49771642e+01
    4.54493805e+04]
 [  2.61739444e+01   2.11189044e+01   1.70758191e+05   2.59162713e+01
    1.24578441e+01   1.25257744e+05   2.68832903e+01   4.49618536e+01
    4.55004475e+04]]
0.224858333741,0.393696155844,0.29937319692,0.0556019261222,0.11561674301,0.0219588960843
