[[  3.57922347e+01   3.02481055e+01   9.19272558e+04   3.82550662e+01
    1.37978098e+01   4.04926448e+04   3.38533348e+01   4.31988399e+01
    5.14346110e+04]
 [  3.53067629e+01   3.03244386e+01   9.73833063e+04   3.81711592e+01
    1.37062922e+01   4.21503837e+04   3.31208311e+01   4.30063902e+01
    5.52329226e+04]
 [  3.54173956e+01   2.96954681e+01   1.00464933e+05   3.84316401e+01
    1.38393698e+01   4.57244747e+04   3.28996098e+01   4.29400003e+01
    5.47404584e+04]
 [  3.47294719e+01   2.94494404e+01   1.00348580e+05   3.71541383e+01
    1.37915796e+01   4.68361755e+04   3.26073078e+01   4.31538203e+01
    5.35124042e+04]
 [  3.33664818e+01   2.96349225e+01   1.06708022e+05   3.60215050e+01
    1.36957537e+01   4.85749124e+04   3.11479953e+01   4.29533864e+01
    5.81331100e+04]
 [  3.32062388e+01   2.95233473e+01   1.09337503e+05   3.56228538e+01
    1.37019270e+01   5.01091822e+04   3.11617000e+01   4.29088092e+01
    5.92283206e+04]
 [  3.32290976e+01   2.94813292e+01   1.11963137e+05   3.56197163e+01
    1.36989798e+01   5.14066449e+04   3.11996919e+01   4.28790277e+01
    6.05564921e+04]
 [  3.32599496e+01   2.94020489e+01   1.13429331e+05   3.55914989e+01
    1.36936112e+01   5.22717464e+04   3.12671607e+01   4.28281428e+01
    6.11575846e+04]
 [  3.33915271e+01   2.95022266e+01   1.13983458e+05   3.60951941e+01
    1.35937814e+01   5.18828279e+04   3.11327112e+01   4.27931565e+01
    6.21006304e+04]
 [  3.33931199e+01   2.94533466e+01   1.14962138e+05   3.60991569e+01
    1.35951302e+01   5.25197549e+04   3.11170952e+01   4.27915569e+01
    6.24423832e+04]]
1.01259451628,0.318902509711,1.11938220767,0.0764564146609,0.99914399633,0.133350168829
