[[  2.91208427e+01   2.71449812e+01   1.90100160e+05   2.83422656e+01
    1.23345459e+01   1.02066219e+05   3.00235219e+01   4.43161439e+01
    8.80339409e+04]
 [  2.91316255e+01   2.71427757e+01   1.91011533e+05   2.84288762e+01
    1.23418780e+01   1.02626425e+05   2.99476073e+01   4.43285125e+01
    8.83851085e+04]
 [  2.88790798e+01   2.68983727e+01   1.93971652e+05   2.82957052e+01
    1.23467790e+01   1.05765509e+05   2.95785879e+01   4.43467801e+01
    8.82061428e+04]
 [  2.87619628e+01   2.66369591e+01   1.95595298e+05   2.81756426e+01
    1.22493755e+01   1.07871248e+05   2.94829407e+01   4.43288761e+01
    8.77240498e+04]
 [  2.87211295e+01   2.66046942e+01   1.97503635e+05   2.81235142e+01
    1.22504361e+01   1.09039970e+05   2.94577478e+01   4.42976969e+01
    8.84636652e+04]
 [  2.84296427e+01   2.65187261e+01   1.96508515e+05   2.80815885e+01
    1.22386391e+01   1.09035761e+05   2.88634961e+01   4.43190136e+01
    8.74727537e+04]
 [  2.79600026e+01   2.64936601e+01   1.98524616e+05   2.76619520e+01
    1.22178120e+01   1.10137717e+05   2.83313995e+01   4.42826009e+01
    8.83868992e+04]
 [  2.75364723e+01   2.68456666e+01   1.98530689e+05   2.73208203e+01
    1.21849514e+01   1.07970205e+05   2.77935822e+01   4.43248182e+01
    9.05604840e+04]
 [  2.73860980e+01   2.70348521e+01   1.98701918e+05   2.70955816e+01
    1.22277660e+01   1.07017373e+05   2.77251988e+01   4.43181951e+01
    9.16845457e+04]
 [  2.74294744e+01   2.69857669e+01   2.03573273e+05   2.71986306e+01
    1.22410391e+01   1.09824458e+05   2.76999024e+01   4.42588570e+01
    9.37488150e+04]]
0.662358749032,0.237955669592,0.481076028851,0.0539931642111,0.885405917844,0.0243495447284
