[[  3.15150133e+01   2.56903084e+01   7.59607947e+04   3.28503820e+01
    1.43897939e+01   4.81802131e+04   2.91990665e+01   4.52889334e+01
    2.77805815e+04]
 [  3.23750045e+01   2.66927930e+01   7.10958817e+04   3.46988362e+01
    1.46959509e+01   4.32195378e+04   2.87721314e+01   4.52927204e+01
    2.78763440e+04]
 [  3.26640169e+01   2.64272640e+01   7.21836568e+04   3.48443049e+01
    1.46181408e+01   4.44027697e+04   2.91792173e+01   4.53020312e+01
    2.77808871e+04]
 [  3.21179428e+01   2.62062267e+01   7.50273031e+04   3.41711075e+01
    1.45344926e+01   4.65719310e+04   2.87575985e+01   4.53089532e+01
    2.84553721e+04]
 [  3.15377654e+01   2.57155432e+01   7.75449887e+04   3.32185960e+01
    1.43889486e+01   4.91503355e+04   2.86282955e+01   4.53215556e+01
    2.83946532e+04]
 [  3.16179687e+01   2.59843647e+01   7.72073385e+04   3.35261797e+01
    1.44477157e+01   4.83638715e+04   2.84183369e+01   4.53286761e+01
    2.88434670e+04]
 [  3.14693984e+01   2.58295426e+01   7.81893222e+04   3.33101017e+01
    1.44304443e+01   4.93573659e+04   2.83183022e+01   4.53436352e+01
    2.88319563e+04]
 [  3.16350814e+01   2.57398420e+01   7.88785291e+04   3.34977207e+01
    1.44099232e+01   4.99828934e+04   2.84131380e+01   4.53380308e+01
    2.88956357e+04]
 [  3.16433354e+01   2.58351149e+01   7.78763038e+04   3.35948366e+01
    1.44756119e+01   4.92070974e+04   2.82938285e+01   4.53322772e+01
    2.86692064e+04]
 [  3.21660079e+01   2.58280894e+01   7.60490964e+04   3.41374895e+01
    1.44693997e+01   4.80420537e+04   2.87842147e+01   4.53122880e+01
    2.80070427e+04]]
0.400172048141,0.321766096688,0.619361243078,0.0965867232371,0.310837530504,0.0179732544472
