[[  3.63144716e+01   2.87204546e+01   1.31506467e+05   3.53736936e+01
    1.21701497e+01   6.20571144e+04   3.71551126e+01   4.35091332e+01
    6.94493527e+04]
 [  3.58646883e+01   2.84853402e+01   1.37023317e+05   3.47594371e+01
    1.22455582e+01   6.59295144e+04   3.68896535e+01   4.35454566e+01
    7.10938030e+04]
 [  3.55881240e+01   2.87120008e+01   1.43931425e+05   3.48537134e+01
    1.22652536e+01   6.74749829e+04   3.62362621e+01   4.32267226e+01
    7.64564418e+04]
 [  3.59948546e+01   2.88298003e+01   1.45295216e+05   3.54003152e+01
    1.22202797e+01   6.75289468e+04   3.65111276e+01   4.32528073e+01
    7.77662688e+04]
 [  3.60770058e+01   2.86864174e+01   1.49084783e+05   3.54538183e+01
    1.23030280e+01   7.01168125e+04   3.66303431e+01   4.32334678e+01
    7.89679701e+04]
 [  3.60131715e+01   2.88601322e+01   1.49760256e+05   3.53009153e+01
    1.23806666e+01   6.97342433e+04   3.66338278e+01   4.32202514e+01
    8.00260123e+04]
 [  3.57013801e+01   2.96650649e+01   1.45161424e+05   3.46066932e+01
    1.21086131e+01   6.31124900e+04   3.65434193e+01   4.31695839e+01
    8.20489338e+04]
 [  3.47838046e+01   2.91657075e+01   1.54360803e+05   3.33504758e+01
    1.21607456e+01   6.98116355e+04   3.59672938e+01   4.32065814e+01
    8.45491673e+04]
 [  3.40507224e+01   2.91491143e+01   1.59710488e+05   3.28078879e+01
    1.21830816e+01   7.23991278e+04   3.50812886e+01   4.32174551e+01
    8.73113603e+04]
 [  3.39781910e+01   2.92315811e+01   1.59303057e+05   3.31262070e+01
    1.22936138e+01   7.19789372e+04   3.46804586e+01   4.31930947e+01
    8.73241195e+04]]
0.81086029742,0.330760063943,0.969576890876,0.0767319237761,0.747072909267,0.126989737087
