[[  3.37916221e+01   2.19164018e+01   1.54797820e+05   3.55781878e+01
    1.37717239e+01   1.17454262e+05   2.81724534e+01   4.75333262e+01
    3.73435587e+04]
 [  3.39669485e+01   2.28910781e+01   1.55752349e+05   3.60090565e+01
    1.39112955e+01   1.14209537e+05   2.83527830e+01   4.75783049e+01
    4.15428119e+04]
 [  3.41372959e+01   2.38432003e+01   1.56555429e+05   3.64826518e+01
    1.40927700e+01   1.10900259e+05   2.84402286e+01   4.75278181e+01
    4.56551701e+04]
 [  3.49204698e+01   2.44610838e+01   1.52608781e+05   3.75122872e+01
    1.43592770e+01   1.06181416e+05   2.89928699e+01   4.75643579e+01
    4.64273657e+04]
 [  3.52232345e+01   2.46535587e+01   1.53969514e+05   3.78635273e+01
    1.44623488e+01   1.06709505e+05   2.92616543e+01   4.76645353e+01
    4.72600089e+04]
 [  3.51187659e+01   2.50304264e+01   1.57759095e+05   3.80046202e+01
    1.44838293e+01   1.07512421e+05   2.89439256e+01   4.75968991e+01
    5.02466737e+04]
 [  3.50229781e+01   2.51603300e+01   1.61575808e+05   3.79751449e+01
    1.44731785e+01   1.09237469e+05   2.88613911e+01   4.74659174e+01
    5.23383386e+04]
 [  3.50155718e+01   2.50822558e+01   1.63416840e+05   3.78938384e+01
    1.44547302e+01   1.10742160e+05   2.89643634e+01   4.74253463e+01
    5.26746799e+04]
 [  3.49284487e+01   2.51835485e+01   1.65961595e+05   3.78840223e+01
    1.44460125e+01   1.11925126e+05   2.88066026e+01   4.74240850e+01
    5.40364695e+04]
 [  3.46987208e+01   2.52512385e+01   1.69335695e+05   3.77260641e+01
    1.44395751e+01   1.13744474e+05   2.85045131e+01   4.73728424e+01
    5.55912210e+04]]
0.492939375458,1.07586997468,0.86538591788,0.251077735974,0.326119818101,0.0865633650935
