[[  3.55303366e+01   2.72081409e+01   8.44430458e+04   3.65713698e+01
    1.43018992e+01   4.66949342e+04   3.42425643e+01   4.31733398e+01
    3.77481117e+04]
 [  3.60156964e+01   2.78514989e+01   8.38573265e+04   3.70977984e+01
    1.45434883e+01   4.48158539e+04   3.47735473e+01   4.31278146e+01
    3.90414726e+04]
 [  3.53692989e+01   2.85417984e+01   8.82034760e+04   3.60063187e+01
    1.42857504e+01   4.44830003e+04   3.47211690e+01   4.30464848e+01
    4.37204757e+04]
 [  3.50645262e+01   2.94668793e+01   8.98230747e+04   3.58729317e+01
    1.43415433e+01   4.25608231e+04   3.43365371e+01   4.30876174e+01
    4.72622517e+04]
 [  3.51296465e+01   2.99056197e+01   9.03294781e+04   3.58095158e+01
    1.43206709e+01   4.14626990e+04   3.45527879e+01   4.31292054e+01
    4.88667791e+04]
 [  3.51712688e+01   3.06884551e+01   8.94195168e+04   3.59147839e+01
    1.43487661e+01   3.86256719e+04   3.46058702e+01   4.31138083e+01
    5.07938449e+04]
 [  3.37602932e+01   2.99665279e+01   9.47967405e+04   3.37148384e+01
    1.39048611e+01   4.30868045e+04   3.37981679e+01   4.33497566e+01
    5.17099360e+04]
 [  3.35810071e+01   2.90629317e+01   9.90490961e+04   3.33851493e+01
    1.36530939e+01   4.76754198e+04   3.37627656e+01   4.33634557e+01
    5.13736763e+04]
 [  3.36879588e+01   2.83370209e+01   1.01642764e+05   3.34448344e+01
    1.36944749e+01   5.13715085e+04   3.39364043e+01   4.33000383e+01
    5.02712555e+04]
 [  3.38361813e+01   2.78744051e+01   1.03699052e+05   3.36312356e+01
    1.37024641e+01   5.39253265e+04   3.40582214e+01   4.32284205e+01
    4.97737252e+04]]
0.855073859401,1.05608372137,1.35935048559,0.316262588468,0.359213677334,0.106713824815
