[[  3.68197391e+01   3.17259503e+01   5.35379365e+04   3.89622915e+01
    1.88884090e+01   2.65573294e+04   3.47107995e+01   4.43620934e+01
    2.69806071e+04]
 [  3.88151447e+01   3.00275149e+01   5.77974807e+04   4.05558301e+01
    1.97591694e+01   3.23408057e+04   3.66037338e+01   4.30726816e+01
    2.54566749e+04]
 [  3.90492010e+01   2.97865009e+01   6.20347347e+04   4.09461315e+01
    1.99339778e+01   3.55965307e+04   3.64951641e+01   4.30519876e+01
    2.64382040e+04]
 [  3.81200258e+01   3.01746597e+01   6.37936825e+04   4.06727098e+01
    1.97794321e+01   3.67683720e+04   3.46470579e+01   4.43175349e+01
    2.70253106e+04]
 [  3.75659074e+01   3.01563558e+01   6.65085356e+04   4.02159281e+01
    1.95664378e+01   3.84629537e+04   3.39315515e+01   4.46798386e+01
    2.80455819e+04]
 [  3.66307461e+01   3.04267186e+01   6.95655238e+04   3.92867326e+01
    1.91512961e+01   3.92044759e+04   3.32011359e+01   4.49863948e+01
    3.03610479e+04]
 [  3.57153279e+01   3.08969837e+01   7.20634559e+04   3.84131994e+01
    1.86440906e+01   3.90056027e+04   3.25320570e+01   4.53544102e+01
    3.30578532e+04]
 [  3.52237420e+01   3.17547582e+01   7.63205767e+04   3.78917508e+01
    1.83881788e+01   3.82518243e+04   3.25429027e+01   4.51856174e+01
    3.80687523e+04]
 [  3.51230984e+01   3.16345840e+01   7.72331418e+04   3.77624927e+01
    1.83299555e+01   3.91751352e+04   3.24062292e+01   4.53297475e+01
    3.80580066e+04]
 [  3.48904699e+01   3.14692618e+01   8.02126204e+04   3.72497305e+01
    1.81438007e+01   4.01780087e+04   3.25227587e+01   4.48424524e+01
    4.00346117e+04]]
1.46959252422,0.741019024214,1.27877384129,0.637275650302,1.53479203109,0.803599014049
