[[  3.39528364e+01   2.41869599e+01   8.50564060e+04   3.54938420e+01
    1.38651684e+01   5.55457380e+04   3.10523161e+01   4.36149011e+01
    2.95106680e+04]
 [  3.19899196e+01   2.37464583e+01   8.54101011e+04   3.30838451e+01
    1.34245365e+01   5.62897675e+04   2.98753555e+01   4.36987908e+01
    2.91203336e+04]
 [  3.12612270e+01   2.45998157e+01   8.77458640e+04   3.16424218e+01
    1.32966313e+01   5.51690603e+04   3.06156709e+01   4.37418429e+01
    3.25768037e+04]
 [  3.12691760e+01   2.51453827e+01   9.12968954e+04   3.15156421e+01
    1.32982171e+01   5.58435130e+04   3.08809610e+01   4.38061506e+01
    3.54533824e+04]
 [  3.14403352e+01   2.55846591e+01   9.41838466e+04   3.16253725e+01
    1.33600343e+01   5.64266697e+04   3.11638039e+01   4.38538975e+01
    3.77571769e+04]
 [  3.16331868e+01   2.58850647e+01   9.62969123e+04   3.17219390e+01
    1.33886365e+01   5.68241227e+04   3.15054211e+01   4.38746361e+01
    3.94727897e+04]
 [  3.18965530e+01   2.58980334e+01   9.86359945e+04   3.20704504e+01
    1.34233144e+01   5.82537491e+04   3.16456957e+01   4.38935445e+01
    4.03822454e+04]
 [  3.14040927e+01   2.62290659e+01   9.85426479e+04   3.13484062e+01
    1.33988040e+01   5.71365632e+04   3.14809349e+01   4.39336394e+01
    4.14060847e+04]
 [  3.12147597e+01   2.62398299e+01   9.92948769e+04   3.10500461e+01
    1.34105876e+01   5.75389987e+04   3.14417328e+01   4.39183409e+01
    4.17558782e+04]
 [  3.12892917e+01   2.59322633e+01   1.01095569e+05   3.12490666e+01
    1.33947112e+01   5.95432852e+04   3.13469331e+01   4.38982322e+01
    4.15522840e+04]]
0.782772833025,0.841050659097,1.25672058178,0.152855027067,0.507312779816,0.100593338853
