[[  4.11423632e+01   3.47016327e+01   1.93993055e+05   3.74586384e+01
    1.32318970e+01   5.80213230e+04   4.27142678e+01   4.38631139e+01
    1.35971732e+05]
 [  4.12279941e+01   3.42930732e+01   1.96923437e+05   3.75953061e+01
    1.32418563e+01   6.14118719e+04   4.28742755e+01   4.38331788e+01
    1.35511566e+05]
 [  4.13368553e+01   3.36830787e+01   1.98883200e+05   3.75839557e+01
    1.32038745e+01   6.57256677e+04   4.31892615e+01   4.37914771e+01
    1.33157532e+05]
 [  3.59091050e+01   3.76437054e+01   2.68236004e+05   3.80879538e+01
    1.33324089e+01   6.81730597e+04   3.51666447e+01   4.59279755e+01
    2.00062944e+05]
 [  3.60795474e+01   3.74843213e+01   2.70283452e+05   3.83718349e+01
    1.33704501e+01   7.01869468e+04   3.52754920e+01   4.59426349e+01
    2.00096505e+05]
 [  3.63085905e+01   3.73302371e+01   2.69887219e+05   3.86007424e+01
    1.33802209e+01   7.10610601e+04   3.54893686e+01   4.58900440e+01
    1.98826159e+05]
 [  3.64577138e+01   3.73751015e+01   2.71173518e+05   3.92080990e+01
    1.35801219e+01   7.13166251e+04   3.54762706e+01   4.58660653e+01
    1.99856893e+05]
 [  3.63305628e+01   3.69805616e+01   2.75225416e+05   3.90434975e+01
    1.34914671e+01   7.56440677e+04   3.53023234e+01   4.58832506e+01
    1.99581348e+05]
 [  3.64266565e+01   3.65820632e+01   2.75401472e+05   3.91604278e+01
    1.34625699e+01   7.89592204e+04   3.53278275e+01   4.58748561e+01
    1.96442252e+05]
 [  3.60188706e+01   3.59269133e+01   2.77678573e+05   3.89699896e+01
    1.34092564e+01   8.51500189e+04   3.47136728e+01   4.58858460e+01
    1.92528555e+05]]
2.30549498953,1.39421152831,0.656329966179,0.115595292929,3.52496711316,0.947406126433
