[[  3.36297537e+01   3.15367894e+01   1.25088533e+05   3.61418931e+01
    1.61033332e+01   6.30778525e+04   3.10743816e+01   4.72358474e+01
    6.20106805e+04]
 [  3.37018140e+01   3.15041115e+01   1.27058339e+05   3.62692894e+01
    1.61270537e+01   6.42800082e+04   3.10729237e+01   4.72489936e+01
    6.27783305e+04]
 [  3.38467399e+01   3.17162302e+01   1.30436997e+05   3.64248366e+01
    1.61597569e+01   6.49943536e+04   3.12863036e+01   4.71661398e+01
    6.54426439e+04]
 [  3.45408758e+01   3.22978586e+01   1.31126912e+05   3.75859277e+01
    1.63415349e+01   6.28157349e+04   3.17407897e+01   4.69705409e+01
    6.83111774e+04]
 [  3.40812997e+01   3.18124856e+01   1.34090462e+05   3.68526398e+01
    1.62134535e+01   6.64349864e+04   3.13599539e+01   4.71301148e+01
    6.76554756e+04]
 [  3.39789640e+01   3.14300540e+01   1.36200044e+05   3.63664866e+01
    1.61178210e+01   6.89723935e+04   3.15294785e+01   4.71396818e+01
    6.72276500e+04]
 [  3.43703758e+01   3.18056520e+01   1.36283737e+05   3.68613343e+01
    1.62238208e+01   6.72807667e+04   3.19415875e+01   4.69985856e+01
    6.90029700e+04]
 [  3.44472698e+01   3.17709996e+01   1.37209690e+05   3.69439300e+01
    1.62452700e+01   6.79186290e+04   3.20000605e+01   4.69892147e+01
    6.92910611e+04]
 [  3.45298138e+01   3.18530145e+01   1.38380550e+05   3.69744166e+01
    1.62633133e+01   6.81504784e+04   3.21575985e+01   4.69810867e+01
    7.02300716e+04]
 [  3.45522951e+01   3.18671676e+01   1.39612555e+05   3.69806490e+01
    1.62578218e+01   6.87181555e+04   3.21984844e+01   4.69973537e+01
    7.08943993e+04]]
0.344974479947,0.232479503546,0.41419732895,0.0727582311194,0.408370434266,0.104630420363
