[[  3.00922212e+01   2.90016807e+01   9.93199201e+04   3.03316809e+01
    1.41584431e+01   5.41033405e+04   2.98056987e+01   4.67621735e+01
    4.52165797e+04]
 [  3.13612069e+01   2.91387969e+01   1.02762407e+05   3.16322731e+01
    1.38151046e+01   5.46699262e+04   3.10530680e+01   4.65582588e+01
    4.80924803e+04]
 [  3.17481986e+01   2.90685621e+01   1.07402906e+05   3.19026072e+01
    1.38201587e+01   5.72996773e+04   3.15716121e+01   4.65071307e+01
    5.01032286e+04]
 [  3.15141168e+01   2.86746613e+01   1.12552562e+05   3.13738611e+01
    1.40718387e+01   6.18684202e+04   3.16853222e+01   4.64998338e+01
    5.06841415e+04]
 [  3.16294496e+01   2.88089307e+01   1.14032823e+05   3.15127205e+01
    1.41263191e+01   6.23206030e+04   3.17701248e+01   4.65035724e+01
    5.17122200e+04]
 [  3.19724469e+01   2.89685608e+01   1.14221595e+05   3.21179872e+01
    1.39844606e+01   6.16248899e+04   3.18019247e+01   4.65246704e+01
    5.25967052e+04]
 [  3.20804791e+01   2.89583293e+01   1.15523776e+05   3.23301307e+01
    1.40077259e+01   6.24173585e+04   3.17870570e+01   4.65301636e+01
    5.31064175e+04]
 [  3.21645731e+01   2.86246578e+01   1.18545325e+05   3.22986537e+01
    1.39532054e+01   6.50605307e+04   3.20014735e+01   4.64714588e+01
    5.34847944e+04]
 [  3.26926765e+01   2.86060716e+01   1.16894738e+05   3.31002091e+01
    1.39158940e+01   6.40811972e+04   3.21981978e+01   4.64303671e+01
    5.28135411e+04]
 [  3.30483170e+01   2.86844986e+01   1.16026451e+05   3.36206424e+01
    1.40239584e+01   6.35354983e+04   3.23555695e+01   4.64297419e+01
    5.24909528e+04]]
0.762221237142,0.187070162457,0.871874869847,0.110172232656,0.687114292777,0.089210799919
