[[  3.65213197e+01   2.94694854e+01   1.23767624e+05   3.58012908e+01
    1.20665704e+01   5.52842242e+04   3.71025735e+01   4.35182426e+01
    6.84834003e+04]
 [  3.58385932e+01   2.84605417e+01   1.35085692e+05   3.47429266e+01
    1.22280668e+01   6.50828501e+04   3.68572534e+01   4.35521537e+01
    7.00028424e+04]
 [  3.60501270e+01   2.92028209e+01   1.33209845e+05   3.52087184e+01
    1.21752618e+01   6.07450895e+04   3.67554553e+01   4.34765267e+01
    7.24647553e+04]
 [  3.62620560e+01   2.86309028e+01   1.40100513e+05   3.53556249e+01
    1.22068928e+01   6.66079073e+04   3.70835737e+01   4.35163315e+01
    7.34926057e+04]
 [  3.63277925e+01   2.84903139e+01   1.43808981e+05   3.54047928e+01
    1.22911387e+01   6.91495791e+04   3.71826753e+01   4.34939989e+01
    7.46594021e+04]
 [  3.64843094e+01   2.93462121e+01   1.38580654e+05   3.56747331e+01
    1.22898373e+01   6.27626218e+04   3.71544815e+01   4.34655816e+01
    7.58180322e+04]
 [  3.61899475e+01   2.97119927e+01   1.38430747e+05   3.50481800e+01
    1.21844489e+01   6.07547071e+04   3.70829866e+01   4.34212496e+01
    7.76760404e+04]
 [  3.51593726e+01   3.00593242e+01   1.43557239e+05   3.39752240e+01
    1.21736195e+01   6.07925194e+04   3.60291559e+01   4.31967703e+01
    8.27647200e+04]
 [  3.43724158e+01   2.99785562e+01   1.49190847e+05   3.33150458e+01
    1.21761656e+01   6.36402361e+04   3.51589827e+01   4.32215750e+01
    8.55506106e+04]
 [  3.39116488e+01   2.91817440e+01   1.55823547e+05   3.30758666e+01
    1.23019265e+01   7.07278038e+04   3.46063138e+01   4.32114989e+01
    8.50957436e+04]]
0.873679485487,0.552005375823,0.922838466955,0.0682937009246,0.879594007816,0.133504149738
