[[  3.21034408e+01   2.85095805e+01   1.33868170e+05   3.29179279e+01
    1.50080710e+01   7.58841674e+04   3.10375144e+01   4.61791232e+01
    5.79840024e+04]
 [  3.17421186e+01   2.97666114e+01   1.37316052e+05   3.24544614e+01
    1.50286893e+01   7.25068072e+04   3.09451690e+01   4.62549949e+01
    6.48092446e+04]
 [  3.05092185e+01   3.17143329e+01   1.35872399e+05   3.08235117e+01
    1.46437444e+01   6.31999340e+04   3.02358921e+01   4.65598464e+01
    7.26724653e+04]
 [  3.02692190e+01   3.19660172e+01   1.45273107e+05   3.02348371e+01
    1.44416762e+01   6.59938403e+04   3.02978393e+01   4.65536717e+01
    7.92792670e+04]
 [  3.02678427e+01   3.16878875e+01   1.49392066e+05   3.04070804e+01
    1.45421042e+01   6.93116419e+04   3.01473288e+01   4.65279987e+01
    8.00804238e+04]
 [  3.01309009e+01   3.10614162e+01   1.53118052e+05   3.03013496e+01
    1.44765791e+01   7.38331990e+04   2.99721724e+01   4.65058743e+01
    7.92848527e+04]
 [  3.04008424e+01   3.09704937e+01   1.55896980e+05   3.06137672e+01
    1.45339367e+01   7.56446757e+04   3.02001426e+01   4.64633575e+01
    8.02523042e+04]
 [  3.06701364e+01   3.09787200e+01   1.56750718e+05   3.09870175e+01
    1.46298457e+01   7.61713269e+04   3.03705901e+01   4.64332355e+01
    8.05793911e+04]
 [  3.08673930e+01   3.07991481e+01   1.57758526e+05   3.12974486e+01
    1.47028504e+01   7.76630380e+04   3.04503980e+01   4.64066111e+01
    8.00954883e+04]
 [  3.11973913e+01   3.05257361e+01   1.58568279e+05   3.17776386e+01
    1.48190436e+01   7.96749113e+04   3.06113958e+01   4.63880243e+01
    7.88933674e+04]]
0.634023131092,0.974801882219,0.88109583399,0.197827589833,0.32691148464,0.120182892025
