[[  2.88627352e+01   2.56850432e+01   1.25350524e+05   3.00060817e+01
    1.47784756e+01   7.69115772e+04   2.70473245e+01   4.30025401e+01
    4.84389467e+04]
 [  2.89100596e+01   2.56782123e+01   1.26085823e+05   3.00850475e+01
    1.47840264e+01   7.74014503e+04   2.70419907e+01   4.29984681e+01
    4.86843725e+04]
 [  2.89383443e+01   2.57332018e+01   1.26658363e+05   3.01169576e+01
    1.47803523e+01   7.75087350e+04   2.70796767e+01   4.30057944e+01
    4.91496283e+04]
 [  2.83210353e+01   2.57792947e+01   1.33345682e+05   2.97355880e+01
    1.46437295e+01   8.07088309e+04   2.61520816e+01   4.28536149e+01
    5.26368508e+04]
 [  2.85274157e+01   2.60978113e+01   1.31022636e+05   3.01290306e+01
    1.47919687e+01   7.82323034e+04   2.61539126e+01   4.28524339e+01
    5.27903329e+04]
 [  2.84779670e+01   2.59283239e+01   1.32463079e+05   3.00129236e+01
    1.47251457e+01   7.96906812e+04   2.61600557e+01   4.28460487e+01
    5.27723980e+04]
 [  2.84641280e+01   2.58660128e+01   1.33218530e+05   2.99658578e+01
    1.47197121e+01   8.04316851e+04   2.61759317e+01   4.28497093e+01
    5.27868445e+04]
 [  2.85570154e+01   2.60356870e+01   1.32130811e+05   3.01319043e+01
    1.47860148e+01   7.91712398e+04   2.62026552e+01   4.28532417e+01
    5.29595713e+04]
 [  2.86651412e+01   2.59837269e+01   1.32118708e+05   3.02527469e+01
    1.48111768e+01   7.94753848e+04   2.62683402e+01   4.28508750e+01
    5.26433227e+04]
 [  2.92158457e+01   2.56223099e+01   1.28251974e+05   3.05102764e+01
    1.48621415e+01   7.91268697e+04   2.71308781e+01   4.29539461e+01
    4.91251043e+04]]
0.263275981987,0.157020013907,0.189983206806,0.0563521607391,0.437469122969,0.0695141579729
