[[  4.42621844e+01   3.86986991e+01   1.44462901e+05   4.33347199e+01
    1.52171030e+01   2.56551751e+04   4.44624598e+01   4.37692823e+01
    1.18807726e+05]
 [  4.44026471e+01   3.84974997e+01   1.45441683e+05   4.36244521e+01
    1.52845850e+01   2.68027222e+04   4.45784556e+01   4.37417238e+01
    1.18638960e+05]
 [  4.35461908e+01   3.80739286e+01   1.52546599e+05   4.32999204e+01
    1.48602347e+01   3.01651539e+04   4.36068926e+01   4.37957490e+01
    1.22381445e+05]
 [  4.38642845e+01   3.76999981e+01   1.54542917e+05   4.37634826e+01
    1.50614120e+01   3.26446842e+04   4.38912795e+01   4.37626742e+01
    1.21898233e+05]
 [  4.41576619e+01   3.74133930e+01   1.55033255e+05   4.37182909e+01
    1.50298951e+01   3.41458615e+04   4.42817667e+01   4.37358373e+01
    1.20887393e+05]
 [  4.44683607e+01   3.71910368e+01   1.54209843e+05   4.36136601e+01
    1.48977851e+01   3.47738467e+04   4.47172072e+01   4.36817276e+01
    1.19435996e+05]
 [  4.42581942e+01   3.70842991e+01   1.57298445e+05   4.35681337e+01
    1.47503792e+01   3.58584194e+04   4.44619530e+01   4.36789870e+01
    1.21440026e+05]
 [  4.40766028e+01   3.69540481e+01   1.59218249e+05   4.37255642e+01
    1.47871171e+01   3.71605208e+04   4.41834767e+01   4.37027785e+01
    1.22057728e+05]
 [  4.42096695e+01   3.66478083e+01   1.58490321e+05   4.39626918e+01
    1.48263895e+01   3.86441278e+04   4.42893069e+01   4.36840744e+01
    1.19846193e+05]
 [  4.37364206e+01   3.59967315e+01   1.58034988e+05   4.39078809e+01
    1.48875221e+01   4.20661531e+04   4.36742257e+01   4.36538165e+01
    1.15968835e+05]]
0.280880512307,0.79410426148,0.204481752961,0.172448403573,0.358403791348,0.0445201091358
