[[  3.66842747e+01   2.17305621e+01   1.93584198e+05   3.67799892e+01
    1.43484922e+01   1.47033365e+05   3.63819551e+01   4.50472356e+01
    4.65508329e+04]
 [  3.70678203e+01   2.35751274e+01   2.03212254e+05   3.73149554e+01
    1.44843921e+01   1.43370421e+05   3.64757284e+01   4.53549174e+01
    5.98418331e+04]
 [  3.78173662e+01   2.42436440e+01   1.99018531e+05   3.84101947e+01
    1.46465001e+01   1.36835599e+05   3.65128273e+01   4.53624770e+01
    6.21829317e+04]
 [  3.82997530e+01   2.41734209e+01   1.99728505e+05   3.89475593e+01
    1.45426621e+01   1.37247470e+05   3.68767649e+01   4.53285963e+01
    6.24810355e+04]
 [  3.86477336e+01   2.42253152e+01   2.00281096e+05   3.93642254e+01
    1.46215813e+01   1.37644301e+05   3.70732436e+01   4.53295116e+01
    6.26367956e+04]
 [  3.86933575e+01   2.42795668e+01   2.02081601e+05   3.95216577e+01
    1.46244661e+01   1.38495714e+05   3.68892462e+01   4.53092345e+01
    6.35858871e+04]
 [  3.87031945e+01   2.41739732e+01   2.04690843e+05   3.94531879e+01
    1.46260249e+01   1.40961025e+05   3.70443187e+01   4.52926367e+01
    6.37298177e+04]
 [  3.86294245e+01   2.41182231e+01   2.06581489e+05   3.93809768e+01
    1.46399315e+01   1.42704174e+05   3.69504302e+01   4.52930606e+01
    6.38773148e+04]
 [  3.85944401e+01   2.40741553e+01   2.08743856e+05   3.93647477e+01
    1.46319764e+01   1.44463893e+05   3.68632378e+01   4.52946705e+01
    6.42799629e+04]
 [  3.85657496e+01   2.40566881e+01   2.10094965e+05   3.93862285e+01
    1.46146475e+01   1.45435469e+05   3.67202860e+01   4.52942122e+01
    6.46594961e+04]]
0.699830853526,0.736214322547,0.934070320382,0.0904621779126,0.232181612916,0.0847786033636
