[[  3.92046155e+01   2.54519889e+01   1.52606463e+05   4.01398015e+01
    1.27442449e+01   8.82600588e+04   3.79218777e+01   4.28824304e+01
    6.43464042e+04]
 [  3.91633429e+01   2.55170700e+01   1.53275669e+05   4.01323445e+01
    1.27267578e+01   8.82494533e+04   3.78482753e+01   4.28752701e+01
    6.50262152e+04]
 [  3.92415731e+01   2.54488217e+01   1.54898016e+05   4.02783748e+01
    1.27148816e+01   8.94947924e+04   3.78228609e+01   4.28733654e+01
    6.54032232e+04]
 [  3.92759580e+01   2.54294258e+01   1.55319533e+05   4.03352488e+01
    1.27229816e+01   8.98654715e+04   3.78215995e+01   4.28748001e+01
    6.54540612e+04]
 [  3.93575298e+01   2.55670210e+01   1.55219579e+05   4.04922864e+01
    1.27912724e+01   8.92988428e+04   3.78203434e+01   4.28735565e+01
    6.59207359e+04]
 [  3.94003720e+01   2.55385021e+01   1.54815781e+05   4.06254258e+01
    1.27738242e+01   8.91596530e+04   3.77367744e+01   4.28726686e+01
    6.56561275e+04]
 [  3.89719000e+01   2.53094231e+01   1.53849968e+05   3.99930824e+01
    1.27286763e+01   8.99087257e+04   3.75360003e+01   4.29993970e+01
    6.39412424e+04]
 [  3.84955352e+01   2.54790990e+01   1.52583064e+05   3.92894992e+01
    1.25982475e+01   8.79562073e+04   3.74149619e+01   4.30097496e+01
    6.46268570e+04]
 [  3.81996887e+01   2.53954951e+01   1.54459671e+05   3.91049068e+01
    1.25914823e+01   8.94868099e+04   3.69529361e+01   4.30304003e+01
    6.49728615e+04]
 [  3.84472405e+01   2.52672859e+01   1.56309732e+05   3.95157141e+01
    1.26665485e+01   9.14654420e+04   3.69401161e+01   4.30411255e+01
    6.48442899e+04]]
0.410686176843,0.0908286045683,0.489914305111,0.0639747954665,0.349335958481,0.0717517828396
