[[  3.07491050e+01   2.85094654e+01   1.16411455e+05   3.20508139e+01
    1.34404801e+01   6.06353792e+04   2.93339891e+01   4.48912855e+01
    5.57760756e+04]
 [  3.08960626e+01   2.80892491e+01   1.18817990e+05   3.23826947e+01
    1.34675290e+01   6.36873797e+04   2.91786916e+01   4.49803924e+01
    5.51306102e+04]
 [  3.07687760e+01   2.79233972e+01   1.22650158e+05   3.22005701e+01
    1.34196791e+01   6.62771245e+04   2.90854323e+01   4.49752511e+01
    5.63730332e+04]
 [  3.05384264e+01   2.76931833e+01   1.26517694e+05   3.17521036e+01
    1.33324893e+01   6.91562659e+04   2.90751889e+01   4.50067685e+01
    5.73614276e+04]
 [  3.07524872e+01   2.86452672e+01   1.20536314e+05   3.20355646e+01
    1.34966895e+01   6.25148048e+04   2.93700458e+01   4.49669794e+01
    5.80215094e+04]
 [  3.06893512e+01   2.90859708e+01   1.19413326e+05   3.18895913e+01
    1.34724728e+01   6.01767274e+04   2.94700623e+01   4.49472665e+01
    5.92365986e+04]
 [  3.11508955e+01   3.01847947e+01   1.14808123e+05   3.29294415e+01
    1.37222855e+01   5.44161270e+04   2.95483390e+01   4.50183166e+01
    6.03919957e+04]
 [  3.12156924e+01   3.03124484e+01   1.19494049e+05   3.24323755e+01
    1.36444612e+01   5.59655477e+04   3.01438532e+01   4.49961418e+01
    6.35285012e+04]
 [  3.12061185e+01   3.04207602e+01   1.18220767e+05   3.21441915e+01
    1.35979447e+01   5.50821498e+04   3.03877433e+01   4.50969899e+01
    6.31386172e+04]
 [  3.12192768e+01   3.08237575e+01   1.17950378e+05   3.23322659e+01
    1.36423818e+01   5.35258644e+04   3.02945713e+01   4.50985720e+01
    6.44245141e+04]]
0.243241174086,1.10706992405,0.31370234748,0.115945448495,0.475225153281,0.0601315962338
