[[  3.10013822e+01   2.86725129e+01   1.28561458e+05   3.19432050e+01
    1.35075045e+01   6.55518049e+04   3.00215610e+01   4.44493601e+01
    6.30096534e+04]
 [  3.11055891e+01   2.83080766e+01   1.30883092e+05   3.22192611e+01
    1.35154267e+01   6.84338197e+04   2.98851934e+01   4.45183140e+01
    6.24492725e+04]
 [  3.09919552e+01   2.81340046e+01   1.34872238e+05   3.20446365e+01
    1.34773451e+01   7.11971808e+04   2.98149174e+01   4.45220988e+01
    6.36750576e+04]
 [  3.07516826e+01   2.79196698e+01   1.38945041e+05   3.15805420e+01
    1.33930728e+01   7.41689594e+04   2.98026342e+01   4.45527009e+01
    6.47760819e+04]
 [  3.09317561e+01   2.88999235e+01   1.33838830e+05   3.19077929e+01
    1.35537828e+01   6.75262473e+04   2.99378557e+01   4.45269321e+01
    6.63125825e+04]
 [  3.08961401e+01   2.92972306e+01   1.32559875e+05   3.17524337e+01
    1.35371215e+01   6.51546843e+04   3.00684361e+01   4.45311454e+01
    6.74051903e+04]
 [  3.13113929e+01   3.03281982e+01   1.28233232e+05   3.27351145e+01
    1.37705045e+01   5.93080080e+04   3.00863247e+01   4.45755778e+01
    6.89252242e+04]
 [  3.14243654e+01   3.03500311e+01   1.31892945e+05   3.22754093e+01
    1.37024927e+01   6.08081890e+04   3.06963550e+01   4.45908715e+01
    7.10847557e+04]
 [  3.13350712e+01   3.05556296e+01   1.31276309e+05   3.19796393e+01
    1.36545308e+01   5.98108601e+04   3.07956193e+01   4.47004963e+01
    7.14654488e+04]
 [  3.13788790e+01   3.09148072e+01   1.31226275e+05   3.21481365e+01
    1.36957812e+01   5.83181282e+04   3.07635614e+01   4.46880468e+01
    7.29081465e+04]]
0.22224046342,1.05508749183,0.300544971753,0.112996385485,0.381207038956,0.0737680021519
