[[  2.98344290e+01   3.03887856e+01   2.02940224e+05   3.18544248e+01
    1.48245111e+01   9.37543821e+04   2.80999234e+01   4.37533292e+01
    1.09185841e+05]
 [  2.96659355e+01   3.06798160e+01   2.03709487e+05   3.25194517e+01
    1.48433582e+01   9.18407189e+04   2.73232890e+01   4.36810469e+01
    1.11868768e+05]
 [  3.00573407e+01   3.01635042e+01   1.98036874e+05   3.26961230e+01
    1.48506225e+01   9.33036739e+04   2.77065284e+01   4.38052924e+01
    1.04733200e+05]
 [  2.92074104e+01   2.99523707e+01   2.11308567e+05   3.16580055e+01
    1.47161261e+01   1.00421836e+05   2.69880895e+01   4.37507001e+01
    1.10886732e+05]
 [  2.91599652e+01   3.01684978e+01   2.12094564e+05   3.16873600e+01
    1.47064157e+01   9.92661702e+04   2.69363689e+01   4.37720032e+01
    1.12828394e+05]
 [  2.91437586e+01   3.01441565e+01   2.14646133e+05   3.16414087e+01
    1.47395509e+01   1.00804917e+05   2.69321219e+01   4.37847344e+01
    1.13841216e+05]
 [  2.90265700e+01   3.03697916e+01   2.17687528e+05   3.19079090e+01
    1.47441248e+01   1.00234622e+05   2.65676276e+01   4.37047771e+01
    1.17452906e+05]
 [  2.93030106e+01   3.00276149e+01   2.16296438e+05   3.18804700e+01
    1.47254570e+01   1.02378618e+05   2.69866327e+01   4.37797547e+01
    1.13917820e+05]
 [  2.94460120e+01   3.03150007e+01   2.14297614e+05   3.22266595e+01
    1.48653483e+01   9.97807510e+04   2.70231803e+01   4.37765807e+01
    1.14516863e+05]
 [  2.94527264e+01   3.01716134e+01   2.16019099e+05   3.21443774e+01
    1.47864709e+01   1.01343328e+05   2.70740123e+01   4.37680473e+01
    1.14675771e+05]]
0.315727397265,0.197655180142,0.34773767103,0.0580529701445,0.417999677034,0.0359096251417
