[[  4.19482388e+01   3.70024914e+01   8.31953514e+04   3.57510834e+01
    1.51296603e+01   1.91213403e+04   4.37976301e+01   4.35299093e+01
    6.40740111e+04]
 [  4.25710030e+01   3.54604042e+01   9.40949393e+04   3.97993198e+01
    1.78575798e+01   2.95664259e+04   4.38409651e+01   4.35258714e+01
    6.45285134e+04]
 [  4.19844577e+01   3.70044119e+01   8.38654841e+04   3.58213041e+01
    1.51326249e+01   1.92670519e+04   4.38226725e+01   4.35278651e+01
    6.45984322e+04]
 [  4.19918222e+01   3.69987949e+01   8.41705509e+04   3.58016940e+01
    1.51240915e+01   1.93449906e+04   4.38390560e+01   4.35265584e+01
    6.48255604e+04]
 [  4.19947256e+01   3.69842313e+01   8.41300333e+04   3.58343088e+01
    1.51347548e+01   1.93897185e+04   4.38397700e+01   4.35281475e+01
    6.47403148e+04]
 [  4.20231268e+01   3.69989322e+01   8.43871104e+04   3.58590613e+01
    1.51376331e+01   1.94009807e+04   4.38633490e+01   4.35254117e+01
    6.49861297e+04]
 [  4.25538542e+01   3.54494923e+01   9.46641638e+04   3.97143932e+01
    1.77636687e+01   2.96830080e+04   4.38509032e+01   4.35282720e+01
    6.49811558e+04]
 [  4.25498763e+01   3.54970384e+01   9.46094427e+04   3.96101772e+01
    1.76912679e+01   2.94018155e+04   4.38753729e+01   4.35255773e+01
    6.52076272e+04]
 [  4.25029349e+01   3.53380723e+01   9.58047823e+04   3.94541192e+01
    1.77898864e+01   3.04654776e+04   4.39244931e+01   4.35201898e+01
    6.53393046e+04]
 [  4.26968870e+01   3.54366389e+01   9.63652832e+04   3.96432604e+01
    1.77018185e+01   2.99879469e+04   4.40764541e+01   4.34488744e+01
    6.63773363e+04]]
0.297287853397,0.781639714457,1.91728345022,1.31525453158,0.0749187940808,0.023396326185
