[[  3.75339755e+01   2.88951089e+01   7.73724036e+04   3.97560588e+01
    1.62874955e+01   4.22596374e+04   3.48596082e+01   4.40688826e+01
    3.51127662e+04]
 [  3.71589220e+01   2.87654406e+01   7.92029919e+04   3.91684210e+01
    1.60772344e+01   4.33760915e+04   3.47259956e+01   4.41272158e+01
    3.58269005e+04]
 [  3.72428747e+01   2.88660831e+01   8.11059622e+04   3.92941473e+01
    1.60893079e+01   4.40813256e+04   3.48006410e+01   4.40780403e+01
    3.70246366e+04]
 [  3.71703929e+01   2.86417245e+01   8.30744141e+04   3.91598473e+01
    1.60431061e+01   4.57717100e+04   3.47292636e+01   4.41006657e+01
    3.73027041e+04]
 [  3.70984837e+01   2.86025321e+01   8.43560266e+04   3.89898694e+01
    1.60241976e+01   4.65488049e+04   3.47697819e+01   4.40891616e+01
    3.78072217e+04]
 [  3.61223085e+01   2.96865981e+01   8.09977476e+04   3.69328614e+01
    1.54214634e+01   4.05342779e+04   3.53103371e+01   4.39766957e+01
    4.04634697e+04]
 [  3.57186923e+01   2.98194051e+01   8.16122319e+04   3.59676487e+01
    1.52096989e+01   4.02326334e+04   3.54766365e+01   4.40241576e+01
    4.13795985e+04]
 [  3.55696372e+01   2.96924052e+01   8.32001995e+04   3.58647427e+01
    1.51516709e+01   4.14006361e+04   3.52773483e+01   4.40943654e+01
    4.17995634e+04]
 [  3.58449645e+01   2.94376478e+01   8.61389869e+04   3.64055991e+01
    1.53433093e+01   4.39289638e+04   3.52614989e+01   4.41059575e+01
    4.22100230e+04]
 [  3.57651426e+01   2.95357846e+01   8.61505882e+04   3.63034385e+01
    1.52869052e+01   4.36114795e+04   3.52132768e+01   4.41438647e+01
    4.25391087e+04]]
0.737931560994,0.457574411662,1.52421872798,0.421655185945,0.275154965508,0.0464851462193
