[[  3.71544715e+01   3.09326413e+01   1.18920889e+05   3.69682053e+01
    1.43822887e+01   5.47748676e+04   3.73135259e+01   4.50651368e+01
    6.41460218e+04]
 [  3.73229137e+01   3.12412411e+01   1.32468644e+05   3.73837065e+01
    1.44588069e+01   5.97850880e+04   3.72729093e+01   4.50454542e+01
    7.26835563e+04]
 [  3.72440390e+01   3.02192587e+01   1.26410687e+05   3.73498682e+01
    1.44302109e+01   6.12141418e+04   3.71446743e+01   4.50438635e+01
    6.51965451e+04]
 [  3.73046495e+01   3.03152331e+01   1.28507502e+05   3.74265935e+01
    1.44170058e+01   6.17833950e+04   3.71917351e+01   4.50362462e+01
    6.67241074e+04]
 [  3.78700200e+01   3.04408366e+01   1.32425318e+05   3.80694154e+01
    1.44613999e+01   6.30840931e+04   3.76886175e+01   4.49783396e+01
    6.93412253e+04]
 [  3.77755607e+01   3.00284152e+01   1.32452185e+05   3.82121912e+01
    1.45672986e+01   6.51028444e+04   3.73534945e+01   4.49738128e+01
    6.73493402e+04]
 [  3.77858827e+01   2.99262052e+01   1.32070639e+05   3.87586045e+01
    1.44748500e+01   6.50896684e+04   3.68406271e+01   4.49412697e+01
    6.69809702e+04]
 [  3.78520657e+01   2.96722059e+01   1.34804670e+05   3.86810853e+01
    1.45216755e+01   6.79483433e+04   3.70095051e+01   4.50702018e+01
    6.68563266e+04]
 [  3.78756102e+01   2.95041581e+01   1.38930113e+05   3.83865394e+01
    1.44355359e+01   7.05270366e+04   3.73488162e+01   4.50406708e+01
    6.84030768e+04]
 [  3.77999795e+01   2.91105347e+01   1.38236155e+05   3.83100079e+01
    1.44313910e+01   7.17940251e+04   3.72488685e+01   4.49720794e+01
    6.64421297e+04]]
0.284071345463,0.609063148783,0.592453507952,0.050689724617,0.213675950346,0.04326828299
