[[  3.50489754e+01   2.93757936e+01   9.04578184e+04   3.57062868e+01
    1.33441365e+01   4.49029241e+04   3.44010711e+01   4.51780097e+01
    4.55548943e+04]
 [  3.49171048e+01   2.76181762e+01   9.84884382e+04   3.53632320e+01
    1.31988888e+01   5.42028385e+04   3.43710727e+01   4.52664932e+01
    4.42855997e+04]
 [  3.48222007e+01   2.75880376e+01   1.00288160e+05   3.53975522e+01
    1.32191188e+01   5.52940843e+04   3.41151402e+01   4.52462778e+01
    4.49940762e+04]
 [  3.47398673e+01   2.78937591e+01   9.93816054e+04   3.51337028e+01
    1.30456602e+01   5.35032116e+04   3.42805778e+01   4.52095566e+01
    4.58783938e+04]
 [  3.51126322e+01   2.92962118e+01   9.29157285e+04   3.58937644e+01
    1.33512200e+01   4.63520773e+04   3.43350493e+01   4.51687534e+01
    4.65636512e+04]
 [  3.47774179e+01   2.87214374e+01   9.68926767e+04   3.50733660e+01
    1.32687576e+01   4.99024063e+04   3.44631290e+01   4.51317687e+01
    4.69902704e+04]
 [  3.52626495e+01   2.99948808e+01   9.17669634e+04   3.58631101e+01
    1.33392811e+01   4.36735813e+04   3.47173715e+01   4.51198244e+01
    4.80933821e+04]
 [  3.52195033e+01   3.05477045e+01   9.19993055e+04   3.56752299e+01
    1.32932555e+01   4.21739723e+04   3.48337597e+01   4.51524971e+01
    4.98253332e+04]
 [  3.52180366e+01   3.06550029e+01   9.14595108e+04   3.54302732e+01
    1.32955302e+01   4.17303893e+04   3.50399373e+01   4.52222732e+01
    4.97291214e+04]
 [  3.49914614e+01   3.07322009e+01   9.24885091e+04   3.51962951e+01
    1.31762126e+01   4.18003180e+04   3.48225440e+01   4.52098508e+01
    5.06881911e+04]]
0.182853282275,1.18198743164,0.282047868507,0.090574130068,0.281254302282,0.0459900277979
