[[  3.74756278e+01   2.91438602e+01   7.06420896e+04   4.00852909e+01
    1.63297842e+01   3.83200699e+04   3.43816853e+01   4.43358653e+01
    3.23220197e+04]
 [  3.70766777e+01   2.89906211e+01   7.25242696e+04   3.94334554e+01
    1.61173541e+01   3.95001365e+04   3.42577379e+01   4.43883244e+01
    3.30241331e+04]
 [  3.71522761e+01   2.91034660e+01   7.47825130e+04   3.95140523e+01
    1.61030382e+01   4.03207273e+04   3.43889679e+01   4.43141317e+01
    3.44617857e+04]
 [  3.70930740e+01   2.88873675e+01   7.65696490e+04   3.93972489e+01
    1.60529883e+01   4.18215570e+04   3.43198518e+01   4.43343658e+01
    3.47480920e+04]
 [  3.70088042e+01   2.88415441e+01   7.77725925e+04   3.91994299e+01
    1.60226295e+01   4.25396411e+04   3.43638816e+01   4.43188745e+01
    3.52329515e+04]
 [  3.57195154e+01   2.99527018e+01   7.35437734e+04   3.66042857e+01
    1.51732683e+01   3.60784604e+04   3.48674966e+01   4.41850453e+01
    3.74653130e+04]
 [  3.51281765e+01   3.03787696e+01   7.29490737e+04   3.52608725e+01
    1.49168930e+01   3.44349545e+04   3.50095348e+01   4.42030249e+01
    3.85141192e+04]
 [  3.49292380e+01   3.01781985e+01   7.46185709e+04   3.50682761e+01
    1.48283650e+01   3.57295493e+04   3.48014958e+01   4.42809610e+01
    3.88890216e+04]
 [  3.53919986e+01   2.97036140e+01   7.83372788e+04   3.60043028e+01
    1.50353435e+01   3.90643523e+04   3.47829463e+01   4.42939830e+01
    3.92729265e+04]
 [  3.53342597e+01   2.98329262e+01   7.84621356e+04   3.59464352e+01
    1.50131079e+01   3.88166331e+04   3.47348830e+01   4.43429062e+01
    3.96455025e+04]]
0.956120106868,0.542386755254,1.92657306831,0.576884164185,0.259667687746,0.0597345989061
