[[  3.25037908e+01   3.15126430e+01   1.47095089e+05   3.23235072e+01
    1.35450923e+01   5.80344640e+04   3.26212688e+01   4.32208156e+01
    8.90606254e+04]
 [  3.27040249e+01   3.10697024e+01   1.52806349e+05   3.24589375e+01
    1.34997824e+01   6.24643036e+04   3.28734833e+01   4.32178978e+01
    9.03420449e+04]
 [  3.26726171e+01   3.11253119e+01   1.57059268e+05   3.24770071e+01
    1.35013543e+01   6.38586002e+04   3.28066438e+01   4.32007755e+01
    9.32006677e+04]
 [  3.29041349e+01   3.13835535e+01   1.61334142e+05   3.24442378e+01
    1.35260768e+01   6.42517613e+04   3.32085073e+01   4.32021174e+01
    9.70823808e+04]
 [  3.35380227e+01   3.13682604e+01   1.63488506e+05   3.29049160e+01
    1.34709245e+01   6.49707382e+04   3.39555455e+01   4.31712392e+01
    9.85177678e+04]
 [  3.40284332e+01   3.11235985e+01   1.65445349e+05   3.30938219e+01
    1.34120069e+01   6.70918819e+04   3.46659788e+01   4.32055722e+01
    9.83534673e+04]
 [  3.41081265e+01   3.10239529e+01   1.66978554e+05   3.30940954e+01
    1.34450614e+01   6.82918075e+04   3.48098419e+01   4.31886489e+01
    9.86867463e+04]
 [  3.38351631e+01   3.08745952e+01   1.68434464e+05   3.31017535e+01
    1.34693863e+01   6.96882254e+04   3.43527525e+01   4.31579807e+01
    9.87462389e+04]
 [  3.33797027e+01   3.04258117e+01   1.70453939e+05   3.27755803e+01
    1.34539537e+01   7.28448686e+04   3.38305544e+01   4.30917736e+01
    9.76090703e+04]
 [  3.26508813e+01   3.01611363e+01   1.71461610e+05   3.26635880e+01
    1.34892045e+01   7.46938386e+04   3.26410731e+01   4.30299931e+01
    9.67677711e+04]]
0.587224200101,0.403804944278,0.287132849549,0.0374070214964,0.808003904186,0.0585816971799
