[[  4.23195187e+01   3.03851217e+01   1.80139871e+05   4.07261940e+01
    1.34173482e+01   7.94407364e+04   4.35764798e+01   4.37708616e+01
    1.00699134e+05]
 [  4.25195083e+01   3.00292204e+01   1.86413821e+05   4.11157548e+01
    1.35484640e+01   8.47651529e+04   4.36901029e+01   4.37725765e+01
    1.01648668e+05]
 [  4.25680689e+01   3.00099935e+01   1.92143767e+05   4.14593626e+01
    1.36914288e+01   8.78545412e+04   4.35020569e+01   4.37569555e+01
    1.04289226e+05]
 [  4.25529780e+01   2.98141523e+01   1.94904956e+05   4.13278162e+01
    1.36941779e+01   9.01870442e+04   4.36081338e+01   4.36972867e+01
    1.04717912e+05]
 [  4.24614414e+01   3.00318851e+01   1.97638102e+05   4.13133871e+01
    1.36957680e+01   9.03831270e+04   4.34288998e+01   4.37982334e+01
    1.07254975e+05]
 [  4.16862750e+01   3.09749783e+01   1.84291764e+05   3.93005553e+01
    1.29174877e+01   7.65438738e+04   4.33810853e+01   4.38029815e+01
    1.07747891e+05]
 [  4.16057566e+01   3.11324582e+01   1.84124255e+05   3.92906309e+01
    1.28689015e+01   7.54302674e+04   4.32123823e+01   4.38068020e+01
    1.08693987e+05]
 [  4.16079403e+01   3.11810286e+01   1.83699857e+05   3.92898689e+01
    1.28674275e+01   7.49972984e+04   4.32072503e+01   4.38161553e+01
    1.08702559e+05]
 [  4.14388118e+01   3.14278434e+01   1.85344834e+05   3.92562393e+01
    1.28513735e+01   7.39776427e+04   4.28886244e+01   4.37675947e+01
    1.11367191e+05]
 [  4.16142097e+01   3.17811097e+01   1.83405532e+05   3.93857941e+01
    1.29610707e+01   7.15125852e+04   4.30384261e+01   4.38092999e+01
    1.11892946e+05]]
0.45504932973,0.666595083987,0.959651491493,0.367760247653,0.247600276088,0.0337780169925
