[[  2.99636222e+01   2.28152157e+01   9.85841599e+04   2.99249005e+01
    1.46489221e+01   7.19083422e+04   3.00680020e+01   4.48285852e+01
    2.66758178e+04]
 [  3.02063892e+01   2.28330338e+01   9.82432185e+04   3.02533706e+01
    1.45911015e+01   7.14648749e+04   3.00810073e+01   4.48287431e+01
    2.67783436e+04]
 [  3.02201149e+01   2.29061262e+01   9.81200601e+04   3.02662127e+01
    1.45928001e+01   7.11429511e+04   3.00985475e+01   4.48296967e+01
    2.69771090e+04]
 [  2.97336132e+01   2.24560079e+01   1.02819719e+05   2.96111558e+01
    1.44947994e+01   7.58279641e+04   3.00776330e+01   4.48214392e+01
    2.69917548e+04]
 [  3.00445436e+01   2.28281411e+01   1.00021854e+05   3.00275369e+01
    1.46686932e+01   7.29538408e+04   3.00903803e+01   4.48195249e+01
    2.70680132e+04]
 [  2.99513493e+01   2.26745388e+01   1.01532882e+05   2.98950005e+01
    1.45998656e+01   7.43962478e+04   3.01058320e+01   4.48116018e+01
    2.71366345e+04]
 [  2.99428719e+01   2.26100259e+01   1.02585832e+05   2.98839885e+01
    1.46049489e+01   7.53990991e+04   3.01061779e+01   4.48111342e+01
    2.71867326e+04]
 [  3.00636228e+01   2.28216583e+01   1.01317382e+05   3.00425259e+01
    1.46756577e+01   7.39297290e+04   3.01205715e+01   4.48108229e+01
    2.73876531e+04]
 [  3.01298307e+01   2.27474415e+01   1.01668252e+05   3.01240302e+01
    1.47255494e+01   7.45455986e+04   3.01457734e+01   4.47953116e+01
    2.71226537e+04]
 [  3.07570358e+01   2.30456134e+01   1.02709640e+05   3.04163949e+01
    1.47542964e+01   7.39989010e+04   3.16350020e+01   4.44156082e+01
    2.87107395e+04]]
0.257359380787,0.154990753065,0.220887138388,0.0713513425894,0.461198376794,0.120972599906
