[[  3.56441599e+01   2.80921260e+01   1.12554492e+05   3.42156887e+01
    1.13345170e+01   5.18890303e+04   3.68659753e+01   4.24254231e+01
    6.06654613e+04]
 [  3.52880768e+01   2.79183481e+01   1.18682389e+05   3.37888294e+01
    1.13324773e+01   5.53190980e+04   3.65969894e+01   4.23985841e+01
    6.33632911e+04]
 [  3.51587180e+01   2.78665045e+01   1.24189802e+05   3.34815199e+01
    1.13605762e+01   5.80855933e+04   3.66324675e+01   4.23702199e+01
    6.61042089e+04]
 [  3.56131061e+01   2.82212135e+01   1.24756527e+05   3.39929481e+01
    1.13678139e+01   5.69148802e+04   3.69723169e+01   4.23601571e+01
    6.78416468e+04]
 [  3.56572639e+01   2.83671893e+01   1.28491315e+05   3.40668469e+01
    1.13978785e+01   5.79186704e+04   3.69625124e+01   4.22938307e+01
    7.05726447e+04]
 [  3.59841986e+01   2.88292369e+01   1.26419867e+05   3.44811971e+01
    1.14434305e+01   5.52544804e+04   3.71511643e+01   4.23279860e+01
    7.11653862e+04]
 [  3.56326581e+01   2.88472823e+01   1.29405368e+05   3.36865353e+01
    1.14273735e+01   5.64345701e+04   3.71377616e+01   4.23195903e+01
    7.29707974e+04]
 [  3.49905962e+01   2.91043375e+01   1.32111890e+05   3.32117614e+01
    1.14118444e+01   5.63870886e+04   3.63151730e+01   4.22787290e+01
    7.57248011e+04]
 [  3.41745528e+01   2.83444931e+01   1.41247825e+05   3.26286318e+01
    1.09632399e+01   6.28656814e+04   3.54144445e+01   4.22849682e+01
    7.83821435e+04]
 [  3.36604123e+01   2.79500007e+01   1.42880989e+05   3.24492655e+01
    1.09616588e+01   6.53063318e+04   3.46800178e+01   4.22516598e+01
    7.75746568e+04]]
0.696456591431,0.413439024489,0.632739418043,0.172418726697,0.771117457473,0.0534213618745
