[[  2.92405155e+01   3.05441131e+01   1.10900422e+05   3.03795008e+01
    1.41643766e+01   5.47404924e+04   2.81303178e+01   4.65098534e+01
    5.61599291e+04]
 [  3.03589223e+01   3.04192561e+01   1.13022002e+05   3.16520909e+01
    1.38350886e+01   5.54635650e+04   2.91128194e+01   4.63998335e+01
    5.75584367e+04]
 [  3.07088343e+01   3.02738919e+01   1.17538498e+05   3.19384867e+01
    1.38268154e+01   5.81523914e+04   2.95047274e+01   4.63792889e+01
    5.93861071e+04]
 [  3.04505936e+01   2.99694576e+01   1.23481839e+05   3.13944875e+01
    1.40841682e+01   6.27227119e+04   2.94761953e+01   4.63681203e+01
    6.07591268e+04]
 [  3.05035922e+01   3.01589184e+01   1.25548818e+05   3.15624530e+01
    1.41230310e+01   6.31220681e+04   2.94329376e+01   4.63734160e+01
    6.24267496e+04]
 [  3.08236770e+01   3.03059762e+01   1.25736268e+05   3.21736320e+01
    1.39870341e+01   6.24169598e+04   2.94929599e+01   4.63923609e+01
    6.33193087e+04]
 [  3.09338673e+01   3.02802644e+01   1.27043415e+05   3.23867008e+01
    1.40102127e+01   6.32213391e+04   2.94947088e+01   4.63971713e+01
    6.38220760e+04]
 [  3.11151480e+01   2.98607389e+01   1.29251287e+05   3.23623867e+01
    1.39634955e+01   6.58254643e+04   2.98207214e+01   4.63594359e+01
    6.34258227e+04]
 [  3.15914262e+01   2.98460998e+01   1.27605989e+05   3.31468221e+01
    1.39189914e+01   6.48941694e+04   2.99819032e+01   4.63274661e+01
    6.27118200e+04]
 [  3.19202530e+01   2.99224015e+01   1.26752178e+05   3.36737174e+01
    1.40308168e+01   6.43852874e+04   3.01100407e+01   4.63282899e+01
    6.23668907e+04]]
0.695085874109,0.23330581657,0.877014724491,0.107346659815,0.521416243888,0.0486008065917
