[[  3.18618305e+01   3.23020734e+01   1.05397002e+05   3.30362363e+01
    1.35415331e+01   4.62356333e+04   3.09440121e+01   4.69637603e+01
    5.91613687e+04]
 [  3.19509478e+01   3.21952807e+01   1.06968646e+05   3.30799559e+01
    1.35444464e+01   4.71946759e+04   3.10595368e+01   4.69210899e+01
    5.97739703e+04]
 [  3.18132717e+01   3.19661895e+01   1.08581954e+05   3.29449834e+01
    1.34901930e+01   4.86779110e+04   3.08936450e+01   4.69797491e+01
    5.99040427e+04]
 [  3.15712772e+01   3.16210946e+01   1.09708467e+05   3.25946696e+01
    1.33971439e+01   5.03502179e+04   3.07031918e+01   4.70794327e+01
    5.93582493e+04]
 [  3.10560147e+01   3.16202824e+01   1.10208735e+05   3.22080639e+01
    1.33215006e+01   5.09969941e+04   3.00637952e+01   4.73803811e+01
    5.92117406e+04]
 [  2.94502724e+01   3.21881507e+01   1.06497104e+05   2.94569885e+01
    1.28032279e+01   4.74157455e+04   2.94448824e+01   4.77455210e+01
    5.90813581e+04]
 [  2.91755846e+01   3.20208230e+01   1.11007353e+05   2.89945615e+01
    1.27131776e+01   4.97652349e+04   2.93226836e+01   4.77101809e+01
    6.12421184e+04]
 [  2.92351580e+01   3.20060599e+01   1.13740833e+05   2.90905877e+01
    1.27111645e+01   5.08945712e+04   2.93522348e+01   4.76315784e+01
    6.28462618e+04]
 [  2.94580497e+01   3.20438422e+01   1.15143050e+05   2.92383976e+01
    1.27503142e+01   5.12552731e+04   2.96342701e+01   4.75224689e+01
    6.38877769e+04]
 [  2.96180838e+01   3.20851038e+01   1.16634052e+05   2.94761233e+01
    1.27792879e+01   5.17128594e+04   2.97311622e+01   4.74631168e+01
    6.49211931e+04]]
1.16004047482,0.215192350916,1.78130113341,0.359980024737,0.676118081893,0.308431461879
