[[  3.64885266e+01   3.19966691e+01   6.70193306e+04   3.79463009e+01
    1.84893014e+01   3.05561337e+04   3.52669128e+01   4.33158339e+01
    3.64631969e+04]
 [  3.89925665e+01   3.03416558e+01   6.88754756e+04   4.01993860e+01
    1.96327537e+01   3.56285794e+04   3.76992950e+01   4.18177035e+01
    3.32468962e+04]
 [  3.88158116e+01   3.04743903e+01   7.55825553e+04   4.06826702e+01
    1.98375991e+01   3.90463755e+04   3.68206915e+01   4.18419756e+01
    3.65361798e+04]
 [  3.83250852e+01   3.05580750e+01   7.85026961e+04   4.03918397e+01
    1.96637815e+01   4.09149411e+04   3.60753861e+01   4.24167077e+01
    3.75877549e+04]
 [  3.76340344e+01   3.03338099e+01   8.19543195e+04   3.95538099e+01
    1.93517186e+01   4.35191539e+04   3.54603218e+01   4.27685506e+01
    3.84351655e+04]
 [  3.69638432e+01   3.09704373e+01   8.48315597e+04   3.90810394e+01
    1.90935446e+01   4.32374322e+04   3.47630006e+01   4.33165635e+01
    4.15941274e+04]
 [  3.61722825e+01   3.15544491e+01   8.69950287e+04   3.83070761e+01
    1.87039130e+01   4.24013824e+04   3.41424372e+01   4.37732414e+01
    4.45936463e+04]
 [  3.56880713e+01   3.20312782e+01   8.89620874e+04   3.77485805e+01
    1.84399606e+01   4.15309371e+04   3.38838797e+01   4.39318995e+01
    4.74311503e+04]
 [  3.53700021e+01   3.19517554e+01   9.08356317e+04   3.74024021e+01
    1.83332902e+01   4.29910160e+04   3.35437791e+01   4.41886946e+01
    4.78446158e+04]
 [  3.51238853e+01   3.17151315e+01   9.18686680e+04   3.69004840e+01
    1.81657351e+01   4.39773476e+04   3.34924813e+01   4.41571879e+01
    4.78913204e+04]]
1.35103996204,0.689900633043,1.27742055494,0.589009251773,1.35422933,0.855420215466
