[[  3.82896520e+01   2.44682268e+01   1.21231959e+05   3.76829663e+01
    1.32448628e+01   7.78223517e+04   3.93772847e+01   4.45888555e+01
    4.34096068e+04]
 [  3.82664147e+01   2.44772273e+01   1.22065836e+05   3.77079185e+01
    1.32545459e+01   7.83594596e+04   3.92677206e+01   4.45979357e+01
    4.37063761e+04]
 [  3.80074922e+01   2.43399422e+01   1.24447163e+05   3.74414292e+01
    1.32299512e+01   8.04113783e+04   3.90411494e+01   4.46272993e+01
    4.40357847e+04]
 [  3.79759143e+01   2.43510022e+01   1.24860595e+05   3.74468117e+01
    1.32363387e+01   8.06983690e+04   3.89427522e+01   4.46610115e+01
    4.41622259e+04]
 [  3.79196414e+01   2.43558424e+01   1.25402122e+05   3.74565221e+01
    1.32345431e+01   8.10685619e+04   3.87665037e+01   4.46923039e+01
    4.43335603e+04]
 [  3.79163341e+01   2.43799781e+01   1.26194832e+05   3.74954126e+01
    1.32377345e+01   8.15134105e+04   3.86842314e+01   4.47070455e+01
    4.46814220e+04]
 [  3.79279264e+01   2.43757456e+01   1.26900543e+05   3.75350994e+01
    1.32421491e+01   8.20020169e+04   3.86453800e+01   4.47099848e+01
    4.48985261e+04]
 [  3.79870040e+01   2.44263799e+01   1.27574238e+05   3.76226969e+01
    1.32471917e+01   8.22288004e+04   3.86476335e+01   4.46985681e+01
    4.53454371e+04]
 [  3.81279738e+01   2.44039384e+01   1.28240957e+05   3.77457016e+01
    1.32642489e+01   8.27779844e+04   3.88240065e+01   4.46868408e+01
    4.54629727e+04]
 [  3.82153463e+01   2.44697859e+01   1.29738956e+05   3.78849136e+01
    1.32768126e+01   8.35375114e+04   3.88128065e+01   4.47079657e+01
    4.62014445e+04]]
0.140330383919,0.0499160673418,0.143443263603,0.0138436833201,0.243112402751,0.044319715509
