[[  3.25048334e+01   2.46018950e+01   9.86416518e+04   3.38247835e+01
    1.51827573e+01   6.75087644e+04   2.96426447e+01   4.50264172e+01
    3.11328874e+04]
 [  3.25413996e+01   2.44076124e+01   1.01830965e+05   3.37872497e+01
    1.50234018e+01   6.99877444e+04   2.98031642e+01   4.50330303e+01
    3.18432206e+04]
 [  3.25778017e+01   2.43531062e+01   1.03894862e+05   3.38402654e+01
    1.50558632e+01   7.16593873e+04   2.97713477e+01   4.50208565e+01
    3.22354743e+04]
 [  3.25534903e+01   2.42411095e+01   1.05685957e+05   3.38114788e+01
    1.50367847e+01   7.32502449e+04   2.97125487e+01   4.50274278e+01
    3.24357123e+04]
 [  3.24405592e+01   2.36921165e+01   1.04847852e+05   3.38849776e+01
    1.50422139e+01   7.45159115e+04   2.88920835e+01   4.49421705e+01
    3.03319403e+04]
 [  3.26559551e+01   2.35238248e+01   1.06212524e+05   3.41120276e+01
    1.50873869e+01   7.61754724e+04   2.89632821e+01   4.49190556e+01
    3.00370515e+04]
 [  3.27141521e+01   2.33696696e+01   1.07706929e+05   3.41456516e+01
    1.51022720e+01   7.78518562e+04   2.89812894e+01   4.49282250e+01
    2.98550732e+04]
 [  3.27761051e+01   2.34056996e+01   1.08578978e+05   3.42132686e+01
    1.51204300e+01   7.84056818e+04   2.90416182e+01   4.49350749e+01
    3.01732958e+04]
 [  3.26798617e+01   2.40002590e+01   1.13803250e+05   3.40980218e+01
    1.50551924e+01   7.98354011e+04   2.93467279e+01   4.50240509e+01
    3.39678486e+04]
 [  3.26981967e+01   2.39974635e+01   1.15311529e+05   3.39078482e+01
    1.50147737e+01   8.06658366e+04   2.98817556e+01   4.49119305e+01
    3.46456922e+04]]
0.100864585137,0.420322423974,0.152832505241,0.0490637568765,0.380033538747,0.0502022842819
