[[  3.38176488e+01   2.60011257e+01   1.98121922e+05   3.89240995e+01
    1.37649358e+01   1.09235386e+05   2.75421751e+01   4.10385541e+01
    8.88865364e+04]
 [  3.38635176e+01   2.60017555e+01   2.00173854e+05   3.89295360e+01
    1.37238802e+01   1.10185598e+05   2.76604608e+01   4.10353285e+01
    8.99882565e+04]
 [  3.39446163e+01   2.58752834e+01   2.01622319e+05   3.89108190e+01
    1.37064298e+01   1.11840934e+05   2.77582030e+01   4.10340599e+01
    8.97813854e+04]
 [  3.37382083e+01   2.58364912e+01   2.03007743e+05   3.86603867e+01
    1.36397676e+01   1.12643089e+05   2.76025196e+01   4.10401862e+01
    9.03646538e+04]
 [  3.35376639e+01   2.55393609e+01   2.06193057e+05   3.81557482e+01
    1.35286635e+01   1.16148431e+05   2.75808038e+01   4.10319420e+01
    9.00446254e+04]
 [  3.35680722e+01   2.55799407e+01   2.07232251e+05   3.82705475e+01
    1.35412456e+01   1.16492045e+05   2.75310464e+01   4.10351866e+01
    9.07402065e+04]
 [  3.35299456e+01   2.54493819e+01   2.09319044e+05   3.81149086e+01
    1.34886173e+01   1.18444955e+05   2.75539214e+01   4.10389988e+01
    9.08740889e+04]
 [  3.36642039e+01   2.53222035e+01   2.09385780e+05   3.81025726e+01
    1.34883631e+01   1.19427853e+05   2.77718400e+01   4.10327718e+01
    8.99579270e+04]
 [  3.36774646e+01   2.54188608e+01   2.10546103e+05   3.82627856e+01
    1.35310018e+01   1.19489491e+05   2.76603543e+01   4.10187626e+01
    9.10566122e+04]
 [  3.36162260e+01   2.53401008e+01   2.11395172e+05   3.81482577e+01
    1.34830979e+01   1.20433984e+05   2.76157478e+01   4.10389511e+01
    9.09611888e+04]]
0.135343971823,0.25397385676,0.344844524397,0.103060201298,0.0806367115127,0.00589372596302
