[[  4.28186744e+01   3.63199880e+01   1.07656168e+05   4.14257446e+01
    1.84816252e+01   3.28825593e+04   4.34312314e+01   4.41646144e+01
    7.47736084e+04]
 [  4.27752107e+01   3.61283963e+01   1.09916806e+05   4.12391966e+01
    1.84419614e+01   3.43281189e+04   4.34727816e+01   4.41605776e+01
    7.55886872e+04]
 [  4.29228693e+01   3.61214742e+01   1.11868425e+05   4.14833760e+01
    1.84639819e+01   3.48483067e+04   4.35741784e+01   4.41107336e+01
    7.70201183e+04]
 [  4.32041974e+01   3.61093029e+01   1.14972760e+05   4.21395450e+01
    1.85308582e+01   3.57133474e+04   4.36839172e+01   4.40299408e+01
    7.92594121e+04]
 [  4.30105319e+01   3.61818459e+01   1.13713172e+05   4.16837476e+01
    1.83052463e+01   3.48720239e+04   4.35973784e+01   4.40887984e+01
    7.88411478e+04]
 [  4.30162888e+01   3.64518595e+01   1.14847259e+05   4.23983896e+01
    1.82500202e+01   3.41202006e+04   4.32774509e+01   4.41450719e+01
    8.07270586e+04]
 [  4.29403131e+01   3.64062804e+01   1.17437676e+05   4.19863830e+01
    1.82226521e+01   3.49626489e+04   4.33447012e+01   4.41146479e+01
    8.24750267e+04]
 [  4.39701384e+01   3.67343204e+01   1.14887725e+05   4.40022880e+01
    1.84036720e+01   3.26375609e+04   4.39573811e+01   4.40080767e+01
    8.22501645e+04]
 [  4.38082544e+01   3.64158534e+01   1.17318192e+05   4.33602649e+01
    1.82908827e+01   3.46137086e+04   4.39957483e+01   4.40015661e+01
    8.27044834e+04]
 [  4.35792884e+01   3.65768767e+01   1.18607815e+05   4.34741069e+01
    1.83556672e+01   3.46032258e+04   4.36226148e+01   4.40825693e+01
    8.40045897e+04]]
0.405770418336,0.201298050671,0.9201519778,0.100014062597,0.225003621182,0.0572802033521
