[[  3.29220113e+01   2.36854689e+01   1.20724811e+05   3.26128152e+01
    1.31944504e+01   7.87260688e+04   3.35015953e+01   4.33507399e+01
    4.19987420e+04]
 [  3.30181049e+01   2.35627079e+01   1.22241112e+05   3.27990703e+01
    1.32133017e+01   8.02054786e+04   3.34360307e+01   4.33097419e+01
    4.20356332e+04]
 [  3.26511984e+01   2.31585687e+01   1.25055828e+05   3.23706734e+01
    1.31488864e+01   8.35279118e+04   3.32154375e+01   4.32917208e+01
    4.15279166e+04]
 [  3.26217921e+01   2.29917178e+01   1.26039846e+05   3.23780525e+01
    1.31298610e+01   8.48299816e+04   3.31235270e+01   4.32922245e+01
    4.12098643e+04]
 [  3.25596471e+01   2.28992931e+01   1.28767145e+05   3.22992329e+01
    1.31184364e+01   8.69847549e+04   3.31017911e+01   4.32615897e+01
    4.17823897e+04]
 [  3.27535876e+01   2.28747831e+01   1.28840048e+05   3.25374032e+01
    1.31114198e+01   8.71351572e+04   3.32052675e+01   4.32736425e+01
    4.17048904e+04]
 [  3.26461544e+01   2.28013454e+01   1.30958350e+05   3.23890273e+01
    1.32115997e+01   8.91576611e+04   3.31945868e+01   4.32555372e+01
    4.18006885e+04]
 [  3.25238932e+01   2.27000812e+01   1.31992923e+05   3.22418435e+01
    1.32377256e+01   9.04041718e+04   3.31370029e+01   4.32690185e+01
    4.15887514e+04]
 [  3.25404786e+01   2.26799146e+01   1.32390632e+05   3.22699617e+01
    1.31998406e+01   9.06524046e+04   3.31280216e+01   4.32699478e+01
    4.17382279e+04]
 [  3.25592489e+01   2.27642461e+01   1.33393850e+05   3.22769422e+01
    1.32101193e+01   9.10150043e+04   3.31655453e+01   4.32831837e+01
    4.23788455e+04]]
0.160175679083,0.335200794569,0.170013703407,0.0434342994577,0.129782655977,0.0265635710417
