[[  3.39238849e+01   2.87555697e+01   6.75777021e+04   3.58422755e+01
    1.32124102e+01   3.47230446e+04   3.18963989e+01   4.51826415e+01
    3.28546575e+04]
 [  3.48762382e+01   2.92275951e+01   7.32943512e+04   3.61976302e+01
    1.31911360e+01   3.60968774e+04   3.35939436e+01   4.47895684e+01
    3.71974738e+04]
 [  3.30732072e+01   3.02539394e+01   7.42778077e+04   3.46717130e+01
    1.26553121e+01   3.32768027e+04   3.17758448e+01   4.45371514e+01
    4.10010050e+04]
 [  3.22495354e+01   3.06242134e+01   7.71599564e+04   3.39397710e+01
    1.27773825e+01   3.35801542e+04   3.09471346e+01   4.43759814e+01
    4.35798022e+04]
 [  3.21460338e+01   3.01870879e+01   7.73015793e+04   3.37951715e+01
    1.28048354e+01   3.47667315e+04   3.07980773e+01   4.43948290e+01
    4.25348478e+04]
 [  3.25900982e+01   2.93484290e+01   7.82978054e+04   3.46440597e+01
    1.31870354e+01   3.79901386e+04   3.06542312e+01   4.45806077e+01
    4.03076668e+04]
 [  3.21249551e+01   2.94450257e+01   8.14292295e+04   3.44317136e+01
    1.31423719e+01   3.88740712e+04   3.00177347e+01   4.43374746e+01
    4.25551582e+04]
 [  3.20988544e+01   2.88090663e+01   8.15638924e+04   3.37723985e+01
    1.28998708e+01   4.05090356e+04   3.04475600e+01   4.45067502e+01
    4.10548568e+04]
 [  3.23581232e+01   2.92716285e+01   8.13367940e+04   3.43036164e+01
    1.31951462e+01   3.95308771e+04   3.05185019e+01   4.44732432e+01
    4.18059169e+04]
 [  3.23014421e+01   2.92483594e+01   8.19114319e+04   3.42666411e+01
    1.31122887e+01   3.97275235e+04   3.04506775e+01   4.44448206e+01
    4.21839084e+04]]
0.883613900358,0.595708963024,0.780820022182,0.200228964296,0.998986522704,0.239909988896
