[[  3.81266804e+01   3.74000844e+01   3.35979143e+05   3.81267258e+01
    1.35617381e+01   9.18839995e+04   3.81266633e+01   4.63734812e+01
    2.44095144e+05]
 [  3.82330871e+01   3.70377071e+01   3.41503347e+05   3.83803869e+01
    1.36379002e+01   9.71287861e+04   3.81745415e+01   4.63381631e+01
    2.44374561e+05]
 [  3.85858415e+01   3.68098134e+01   3.47222039e+05   3.90293863e+01
    1.36726155e+01   1.00969428e+05   3.84039775e+01   4.62966149e+01
    2.46252611e+05]
 [  3.85170930e+01   3.66125676e+01   3.52810803e+05   3.88854397e+01
    1.37190142e+01   1.04904528e+05   3.83612226e+01   4.63002507e+01
    2.47906275e+05]
 [  3.84770323e+01   3.64157963e+01   3.57996424e+05   3.86065766e+01
    1.36688987e+01   1.08265028e+05   3.84208715e+01   4.62771654e+01
    2.49731396e+05]
 [  3.85070942e+01   3.63369955e+01   3.59596363e+05   3.86112829e+01
    1.36679533e+01   1.09547555e+05   3.84614486e+01   4.62684092e+01
    2.50048808e+05]
 [  3.85109719e+01   3.63398532e+01   3.62678744e+05   3.87131018e+01
    1.36905599e+01   1.10609044e+05   3.84222767e+01   4.62784404e+01
    2.52069700e+05]
 [  3.86220307e+01   3.62378034e+01   3.65607456e+05   3.90025196e+01
    1.37436361e+01   1.12804608e+05   3.84522505e+01   4.62750548e+01
    2.52802848e+05]
 [  3.86506967e+01   3.61231000e+01   3.65696359e+05   3.89535187e+01
    1.37574857e+01   1.14044734e+05   3.85134623e+01   4.62588602e+01
    2.51651625e+05]
 [  3.87023818e+01   3.59465556e+01   3.60942537e+05   3.89592421e+01
    1.37543188e+01   1.14491748e+05   3.85830542e+01   4.62562323e+01
    2.46450789e+05]]
0.172359643125,0.42161254559,0.283946052159,0.0572208559415,0.134253781515,0.0353327663975
