[[  2.82131450e+01   2.72051533e+01   1.68447784e+05   2.73664804e+01
    1.29653203e+01   9.34337040e+04   2.92677072e+01   4.49415614e+01
    7.50140803e+04]
 [  2.81797917e+01   2.72726598e+01   1.70136087e+05   2.74926503e+01
    1.29891757e+01   9.42515896e+04   2.90332490e+01   4.50133199e+01
    7.58844979e+04]
 [  2.79209878e+01   2.69979816e+01   1.72683406e+05   2.72411812e+01
    1.29528157e+01   9.70790317e+04   2.87938866e+01   4.50325350e+01
    7.56043738e+04]
 [  2.78995661e+01   2.68100009e+01   1.73300935e+05   2.71756884e+01
    1.29262392e+01   9.82216209e+04   2.88465705e+01   4.49732672e+01
    7.50793142e+04]
 [  2.78705692e+01   2.67889181e+01   1.73560904e+05   2.71967112e+01
    1.29311725e+01   9.84658628e+04   2.87541430e+01   4.49594238e+01
    7.50950414e+04]
 [  2.76082317e+01   2.66444911e+01   1.73714246e+05   2.70631822e+01
    1.29174437e+01   9.93491894e+04   2.83363993e+01   4.49833602e+01
    7.43650568e+04]
 [  2.71407298e+01   2.64888491e+01   1.74152006e+05   2.65677932e+01
    1.28824487e+01   1.00464457e+05   2.79218628e+01   4.50396034e+01
    7.36875491e+04]
 [  2.66209962e+01   2.68540735e+01   1.73739442e+05   2.60269090e+01
    1.28677937e+01   9.83551426e+04   2.73961116e+01   4.51022040e+01
    7.53842994e+04]
 [  2.66016093e+01   2.69323478e+01   1.74661550e+05   2.59724885e+01
    1.28726230e+01   9.84851824e+04   2.74149728e+01   4.51095674e+01
    7.61763681e+04]
 [  2.67208585e+01   2.69126455e+01   1.76817465e+05   2.61397080e+01
    1.29208299e+01   9.98703664e+04   2.74751392e+01   4.50727550e+01
    7.69470990e+04]]
0.613800135696,0.223341908776,0.559423559067,0.037947787797,0.681340866152,0.0560547110257
