[[  3.51843412e+01   3.12448504e+01   5.76184840e+04   3.45491443e+01
    1.58109917e+01   2.76603127e+04   3.57708170e+01   4.54948977e+01
    2.99581714e+04]
 [  3.59361697e+01   3.16630248e+01   5.21559506e+04   3.77468691e+01
    1.75578948e+01   2.73515113e+04   3.39395366e+01   4.72165561e+01
    2.48044393e+04]
 [  3.61839965e+01   3.13853386e+01   5.31513164e+04   3.82202082e+01
    1.79167465e+01   2.88068949e+04   3.37745354e+01   4.73228017e+01
    2.43444214e+04]
 [  3.58839930e+01   3.12567284e+01   5.41705072e+04   3.81699428e+01
    1.78171164e+01   2.96564135e+04   3.31185196e+01   4.75155668e+01
    2.45140938e+04]
 [  3.50045562e+01   3.00842562e+01   5.86908677e+04   3.65098891e+01
    1.71428010e+01   3.37000605e+04   3.29746173e+01   4.75357863e+01
    2.49908072e+04]
 [  3.47391975e+01   3.03339541e+01   5.81270898e+04   3.64888130e+01
    1.70509988e+01   3.28848200e+04   3.24598544e+01   4.76385624e+01
    2.52422699e+04]
 [  3.32356680e+01   2.86979221e+01   5.81658228e+04   3.44903105e+01
    1.62559291e+01   3.54633857e+04   3.12757960e+01   4.81335095e+01
    2.27024370e+04]
 [  3.28103693e+01   2.87235343e+01   6.06478537e+04   3.36643089e+01
    1.57937025e+01   3.62850344e+04   3.15385449e+01   4.79807222e+01
    2.43628193e+04]
 [  3.26766957e+01   2.86202042e+01   6.17643616e+04   3.35099309e+01
    1.57282214e+01   3.70930377e+04   3.14239367e+01   4.80031449e+01
    2.46713239e+04]
 [  3.22350772e+01   2.90077756e+01   6.86682273e+04   3.24474547e+01
    1.53786673e+01   3.87789823e+04   3.19595338e+01   4.66904889e+01
    2.98892449e+04]]
1.42753230248,1.18499055943,2.00206002456,0.908457369382,1.33530920993,0.740155178741
