[[  2.87548223e+01   2.61991044e+01   1.47946952e+05   2.82725231e+01
    1.26019195e+01   8.60693710e+04   2.94256822e+01   4.51122733e+01
    6.18775815e+04]
 [  2.87819750e+01   2.61146187e+01   1.48754835e+05   2.83540992e+01
    1.26350611e+01   8.70709266e+04   2.93859501e+01   4.51419080e+01
    6.16839086e+04]
 [  2.85472605e+01   2.58953573e+01   1.51509564e+05   2.81172718e+01
    1.25929411e+01   8.95838442e+04   2.91692967e+01   4.51390833e+01
    6.19257194e+04]
 [  2.85294094e+01   2.57608070e+01   1.52227672e+05   2.80675103e+01
    1.25686312e+01   9.05249024e+04   2.92070674e+01   4.51152127e+01
    6.17027692e+04]
 [  2.85469488e+01   2.57153904e+01   1.52024215e+05   2.81028153e+01
    1.25724616e+01   9.06062097e+04   2.92021515e+01   4.51043456e+01
    6.14180053e+04]
 [  2.82813549e+01   2.56889060e+01   1.53599494e+05   2.79670384e+01
    1.25628771e+01   9.15817046e+04   2.87455061e+01   4.50721203e+01
    6.20177894e+04]
 [  2.78648282e+01   2.55153920e+01   1.53030278e+05   2.76292974e+01
    1.24799966e+01   9.19305641e+04   2.82192077e+01   4.51284340e+01
    6.10997138e+04]
 [  2.67860317e+01   2.67636348e+01   1.58615232e+05   2.72697851e+01
    1.24087915e+01   8.95577300e+04   2.61586724e+01   4.53798191e+01
    6.90575017e+04]
 [  2.68461560e+01   2.68376364e+01   1.59495843e+05   2.72340738e+01
    1.24132640e+01   8.96371987e+04   2.63484099e+01   4.53458732e+01
    6.98586443e+04]
 [  2.76348123e+01   2.59529946e+01   1.54749674e+05   2.73734114e+01
    1.24581923e+01   9.08149859e+04   2.80061150e+01   4.51214666e+01
    6.39346879e+04]]
0.711556785493,0.424364614802,0.402442895551,0.0777946865017,1.15968874566,0.100425529094
