[[  3.66904054e+01   2.57385267e+01   7.19100196e+04   3.94588227e+01
    1.40349695e+01   4.38332054e+04   3.23683834e+01   4.40099881e+01
    2.80768143e+04]
 [  3.55268220e+01   2.58034380e+01   7.22925915e+04   3.78868307e+01
    1.35635257e+01   4.31851098e+04   3.20254117e+01   4.39630974e+01
    2.91074818e+04]
 [  3.44722831e+01   2.59674866e+01   7.07876699e+04   3.67180464e+01
    1.35201746e+01   4.17936032e+04   3.12351195e+01   4.39097098e+01
    2.89940667e+04]
 [  3.49729023e+01   2.62781572e+01   7.27683287e+04   3.66048285e+01
    1.34938669e+01   4.21695189e+04   3.27238755e+01   4.38967304e+01
    3.05988098e+04]
 [  3.49943235e+01   2.67237325e+01   7.39982617e+04   3.65261338e+01
    1.34939364e+01   4.18709112e+04   3.29979467e+01   4.39658520e+01
    3.21273505e+04]
 [  3.48761383e+01   2.67542990e+01   7.46214252e+04   3.67113763e+01
    1.35349902e+01   4.24563576e+04   3.24537116e+01   4.42031571e+01
    3.21650676e+04]
 [  3.52135441e+01   2.65505033e+01   7.46301964e+04   3.69372019e+01
    1.34624891e+01   4.29608172e+04   3.28753314e+01   4.43049337e+01
    3.16693791e+04]
 [  3.46064064e+01   2.74651939e+01   7.49328610e+04   3.63378855e+01
    1.36322198e+01   4.12840342e+04   3.24820399e+01   4.44369885e+01
    3.36488268e+04]
 [  3.45904967e+01   2.73087715e+01   7.43298411e+04   3.62795030e+01
    1.36867651e+01   4.13008008e+04   3.24784973e+01   4.43422598e+01
    3.30290403e+04]
 [  3.45831166e+01   2.67973574e+01   7.63646509e+04   3.63900823e+01
    1.36053918e+01   4.33768438e+04   3.22070730e+01   4.41439434e+01
    3.29878071e+04]]
0.628004221654,0.5634020598,0.933113889223,0.158450406746,0.47300181547,0.186029426662
