[[  3.83238747e+01   2.44127003e+01   1.20268005e+05   3.76603946e+01
    1.32583384e+01   7.74747997e+04   3.95250699e+01   4.46070731e+01
    4.27932055e+04]
 [  3.83110458e+01   2.43960395e+01   1.21156972e+05   3.76897407e+01
    1.32625656e+01   7.81244211e+04   3.94390084e+01   4.46085572e+01
    4.30325510e+04]
 [  3.80266817e+01   2.43209680e+01   1.23204412e+05   3.74086035e+01
    1.32481002e+01   7.97547032e+04   3.91612036e+01   4.46459207e+01
    4.34497089e+04]
 [  3.80098848e+01   2.43228189e+01   1.23533914e+05   3.74116781e+01
    1.32543729e+01   8.00240874e+04   3.91101178e+01   4.46801118e+01
    4.35098267e+04]
 [  3.79543684e+01   2.43272935e+01   1.24071642e+05   3.74216317e+01
    1.32524793e+01   8.03942803e+04   3.89349447e+01   4.47120348e+01
    4.36773620e+04]
 [  3.79510321e+01   2.43449473e+01   1.24903617e+05   3.74589633e+01
    1.32542459e+01   8.08884790e+04   3.88553277e+01   4.47267978e+01
    4.40151382e+04]
 [  3.79627651e+01   2.43408819e+01   1.25596716e+05   3.74984282e+01
    1.32583396e+01   8.13687123e+04   3.88170313e+01   4.47300503e+01
    4.42280032e+04]
 [  3.80046104e+01   2.44066078e+01   1.26318238e+05   3.75760097e+01
    1.32660781e+01   8.15761071e+04   3.87860567e+01   4.47185828e+01
    4.47421311e+04]
 [  3.81542746e+01   2.43744610e+01   1.26930415e+05   3.76998846e+01
    1.32834608e+01   8.21286602e+04   3.89872430e+01   4.47060078e+01
    4.48017552e+04]
 [  3.82270078e+01   2.44604324e+01   1.28543295e+05   3.78268939e+01
    1.32989702e+01   8.28948557e+04   3.89535908e+01   4.47289851e+01
    4.56484393e+04]]
0.14071656327,0.0446809157433,0.139914566079,0.0149817462863,0.241002834638,0.0463233515895
