[[  4.08673498e+01   3.49399043e+01   1.27569441e+05   3.68969926e+01
    1.78221730e+01   4.52029508e+04   4.30462925e+01   4.43341612e+01
    8.23664901e+04]
 [  4.05599729e+01   3.44623520e+01   1.32449249e+05   3.62713857e+01
    1.77782510e+01   4.92221919e+04   4.30963315e+01   4.43296721e+01
    8.32270574e+04]
 [  4.07692897e+01   3.45026429e+01   1.34416544e+05   3.66089116e+01
    1.78041847e+01   4.96486592e+04   4.32060284e+01   4.42829514e+01
    8.47678845e+04]
 [  4.25152852e+01   3.53730664e+01   1.34583763e+05   4.05581195e+01
    1.84047415e+01   4.57234390e+04   4.35223528e+01   4.41041866e+01
    8.88603239e+04]
 [  4.08573675e+01   3.46196196e+01   1.35457661e+05   3.66432774e+01
    1.76025596e+01   4.89713914e+04   4.32435249e+01   4.42552428e+01
    8.64862697e+04]
 [  4.08622126e+01   3.48002229e+01   1.36826287e+05   3.70066900e+01
    1.75205607e+01   4.85300594e+04   4.29813150e+01   4.42976053e+01
    8.82962274e+04]
 [  4.09389552e+01   3.48326170e+01   1.41842288e+05   3.66533860e+01
    1.75198814e+01   4.97103159e+04   4.32512578e+01   4.41737995e+01
    9.21319718e+04]
 [  4.17630255e+01   3.50983492e+01   1.39289790e+05   3.78848564e+01
    1.76025191e+01   4.73022018e+04   4.37572721e+01   4.40951205e+01
    9.19875885e+04]
 [  4.16848943e+01   3.48564939e+01   1.41862412e+05   3.77223002e+01
    1.75476062e+01   4.93425095e+04   4.37982162e+01   4.40876316e+01
    9.25199026e+04]
 [  4.15524490e+01   3.50293915e+01   1.42543580e+05   3.78659291e+01
    1.76262074e+01   4.90730046e+04   4.34879096e+01   4.41662404e+01
    9.34705757e+04]]
0.582924552229,0.265017648599,1.18177336751,0.252119493428,0.273609796585,0.0934362360058
