[[  3.47425819e+01   2.51110384e+01   1.03490166e+05   3.58027755e+01
    1.41065010e+01   6.49165807e+04   3.29583518e+01   4.36308863e+01
    3.85735855e+04]
 [  3.35943222e+01   2.50203063e+01   1.02432192e+05   3.43873530e+01
    1.37649055e+01   6.37791016e+04   3.22857904e+01   4.35921550e+01
    3.86530908e+04]
 [  3.27324047e+01   2.51644477e+01   1.01502752e+05   3.32742335e+01
    1.37110807e+01   6.27019341e+04   3.18568120e+01   4.36730334e+01
    3.88008178e+04]
 [  3.27691146e+01   2.56242697e+01   1.04972836e+05   3.31602225e+01
    1.36914356e+01   6.33012450e+04   3.21750019e+01   4.37508457e+01
    4.16715909e+04]
 [  3.31074520e+01   2.62711569e+01   1.08951648e+05   3.30597857e+01
    1.37060916e+01   6.33747551e+04   3.31737322e+01   4.37429039e+01
    4.55768927e+04]
 [  3.32376857e+01   2.64157680e+01   1.10804500e+05   3.32250368e+01
    1.37465009e+01   6.41074490e+04   3.32550505e+01   4.38086091e+01
    4.66970510e+04]
 [  3.33366699e+01   2.63790262e+01   1.12284044e+05   3.33097614e+01
    1.37353056e+01   6.51145153e+04   3.33738153e+01   4.38328732e+01
    4.71695287e+04]
 [  3.29054426e+01   2.67706650e+01   1.12339097e+05   3.27734720e+01
    1.37344845e+01   6.37272143e+04   3.30784482e+01   4.38603030e+01
    4.86118825e+04]
 [  3.27920180e+01   2.68082109e+01   1.13140948e+05   3.26286372e+01
    1.37867037e+01   6.40896582e+04   3.30054887e+01   4.38219113e+01
    4.90512896e+04]
 [  3.25137240e+01   2.67760558e+01   1.18731127e+05   3.27888944e+01
    1.37332783e+01   6.64787123e+04   3.21636354e+01   4.33698739e+01
    5.22524143e+04]]
0.607041573104,0.694059861739,0.91214973756,0.114719333181,0.522018388013,0.141371459501
