[[  3.39997072e+01   3.35663535e+01   2.11719435e+05   3.55604643e+01
    1.57657783e+01   7.94279562e+04   3.30626267e+01   4.42538393e+01
    1.32291479e+05]
 [  3.35182435e+01   3.39444671e+01   2.12608021e+05   3.38032291e+01
    1.57327171e+01   7.70411869e+04   3.33562892e+01   4.42940106e+01
    1.35566834e+05]
 [  3.24910250e+01   3.50079830e+01   2.07040491e+05   3.15563099e+01
    1.52427743e+01   6.66490860e+04   3.29347695e+01   4.43912717e+01
    1.40391405e+05]
 [  3.25014450e+01   3.51427038e+01   2.11609639e+05   3.13126769e+01
    1.51427638e+01   6.69245795e+04   3.30513139e+01   4.43937460e+01
    1.44685059e+05]
 [  3.27233310e+01   3.49901481e+01   2.13664441e+05   3.17210086e+01
    1.52238290e+01   6.89449484e+04   3.32008414e+01   4.44069020e+01
    1.44719493e+05]
 [  3.28217013e+01   3.46534652e+01   2.15678895e+05   3.23373524e+01
    1.50176963e+01   7.15363539e+04   3.30620783e+01   4.43984808e+01
    1.44142542e+05]
 [  3.33756928e+01   3.42519321e+01   2.15025203e+05   3.23631822e+01
    1.51209647e+01   7.51864248e+04   3.39200844e+01   4.45379848e+01
    1.39838778e+05]
 [  3.36017634e+01   3.41841495e+01   2.17451015e+05   3.27382748e+01
    1.52031607e+01   7.66326822e+04   3.40716698e+01   4.45135153e+01
    1.40818333e+05]
 [  3.38217720e+01   3.40095035e+01   2.19631208e+05   3.32698104e+01
    1.52657506e+01   7.88205780e+04   3.41307397e+01   4.45015625e+01
    1.40810630e+05]
 [  3.41311938e+01   3.38617026e+01   2.21513235e+05   3.38149192e+01
    1.54243011e+01   8.08994162e+04   3.43131563e+01   4.44693017e+01
    1.40613819e+05]]
0.587415308365,0.522684691478,1.23233194901,0.23953946092,0.507472601428,0.0878780175713
