[[  2.86467801e+01   3.43183796e+01   2.38137217e+05   3.21468308e+01
    1.46201054e+01   8.59144165e+04   2.66713545e+01   4.54360685e+01
    1.52222800e+05]
 [  2.89374289e+01   3.46497889e+01   2.34439185e+05   3.30703692e+01
    1.47470943e+01   8.21735480e+04   2.67069955e+01   4.53907221e+01
    1.52265637e+05]
 [  2.91056201e+01   3.47257003e+01   2.33868005e+05   3.34990602e+01
    1.47417949e+01   8.15378560e+04   2.67539406e+01   4.54224980e+01
    1.52330149e+05]
 [  2.91593788e+01   3.40139283e+01   2.41356099e+05   3.32503385e+01
    1.46613814e+01   8.93459928e+04   2.67548620e+01   4.53886492e+01
    1.52010106e+05]
 [  2.88382507e+01   3.40196807e+01   2.40450043e+05   3.23689660e+01
    1.46640877e+01   8.87602562e+04   2.67722765e+01   4.53454754e+01
    1.51689787e+05]
 [  2.88630210e+01   3.40013644e+01   2.39685768e+05   3.24015100e+01
    1.46671387e+01   8.84458877e+04   2.67936938e+01   4.53081226e+01
    1.51239881e+05]
 [  2.89059417e+01   3.39342738e+01   2.40167845e+05   3.24552344e+01
    1.46604827e+01   8.90735585e+04   2.68135519e+01   4.52966172e+01
    1.51094287e+05]
 [  2.90227251e+01   3.35931865e+01   2.46653136e+05   3.27252766e+01
    1.45926392e+01   9.42758749e+04   2.67319549e+01   4.53488330e+01
    1.52377261e+05]
 [  2.90357316e+01   3.40380342e+01   2.39061141e+05   3.28413956e+01
    1.46999347e+01   8.79825417e+04   2.68194548e+01   4.52998222e+01
    1.51078599e+05]
 [  2.93277657e+01   3.36505139e+01   2.42202151e+05   3.32347539e+01
    1.46046692e+01   9.18847959e+04   2.69395331e+01   4.52927062e+01
    1.50317355e+05]]
0.180487433863,0.354252077785,0.430229194657,0.0497784942243,0.0699668508728,0.051141343205
