[[  2.92752849e+01   3.77716100e+01   2.26058251e+05   2.67746534e+01
    1.39415639e+01   5.74274606e+04   3.01268786e+01   4.58869668e+01
    1.68630790e+05]
 [  2.92037332e+01   3.76432943e+01   2.26907849e+05   2.67727568e+01
    1.39081023e+01   5.84644374e+04   3.00474924e+01   4.58814595e+01
    1.68443412e+05]
 [  2.91525364e+01   3.76657569e+01   2.27315052e+05   2.68334941e+01
    1.39349351e+01   5.83723837e+04   2.99538024e+01   4.58651339e+01
    1.68942669e+05]
 [  2.91456136e+01   3.76452160e+01   2.28850177e+05   2.68541781e+01
    1.39173134e+01   5.87504093e+04   2.99370479e+01   4.58405475e+01
    1.70099768e+05]
 [  2.92124976e+01   3.74468700e+01   2.29097641e+05   2.68191552e+01
    1.38455218e+01   5.99919352e+04   3.00615597e+01   4.58196836e+01
    1.69105706e+05]
 [  2.92529289e+01   3.75612027e+01   2.30004086e+05   2.68331398e+01
    1.38656713e+01   5.93407593e+04   3.00943054e+01   4.58002946e+01
    1.70663326e+05]
 [  2.93256630e+01   3.76675332e+01   2.28432121e+05   2.69181680e+01
    1.40175426e+01   5.85095802e+04   3.01546379e+01   4.58109555e+01
    1.69922541e+05]
 [  2.92663629e+01   3.73845469e+01   2.31422873e+05   2.68336738e+01
    1.38182433e+01   6.08555794e+04   3.01343061e+01   4.57926128e+01
    1.70567293e+05]
 [  2.92998762e+01   3.75462825e+01   2.31445605e+05   2.69562161e+01
    1.39468285e+01   5.98111665e+04   3.01165949e+01   4.57702199e+01
    1.71634439e+05]
 [  2.92815103e+01   3.73639110e+01   2.33120532e+05   2.69071274e+01
    1.38182721e+01   6.13625377e+04   3.01297862e+01   4.57758639e+01
    1.71757994e+05]]
0.0577566561031,0.127680536031,0.0571203723487,0.0606736784762,0.0723242715382,0.040219536684
