[[  3.48060240e+01   2.50312500e+01   9.94596310e+04   3.59552148e+01
    1.41038151e+01   6.27570558e+04   3.28410440e+01   4.37158693e+01
    3.67025752e+04]
 [  3.36946714e+01   2.49951649e+01   9.79794365e+04   3.46359607e+01
    1.37221789e+01   6.10999676e+04   3.21351926e+01   4.36716563e+01
    3.68794689e+04]
 [  3.27989367e+01   2.51414108e+01   9.69409722e+04   3.34735818e+01
    1.36636070e+01   5.99672806e+04   3.17047362e+01   4.37571520e+01
    3.69736916e+04]
 [  3.29010938e+01   2.57781993e+01   1.01400530e+05   3.33591674e+01
    1.36424188e+01   6.05471422e+04   3.22222015e+01   4.37641452e+01
    4.08533878e+04]
 [  3.32166299e+01   2.64338989e+01   1.05258728e+05   3.32452090e+01
    1.36511564e+01   6.05494552e+04   3.31779255e+01   4.37454778e+01
    4.47092723e+04]
 [  3.33821288e+01   2.65654605e+01   1.07013873e+05   3.34488827e+01
    1.37004218e+01   6.13099271e+04   3.32925813e+01   4.38233706e+01
    4.57039459e+04]
 [  3.35105721e+01   2.65491036e+01   1.08564465e+05   3.35983212e+01
    1.36899730e+01   6.22633984e+04   3.33925713e+01   4.38414303e+01
    4.63010669e+04]
 [  3.29951054e+01   2.68402123e+01   1.10243292e+05   3.29439432e+01
    1.37428447e+01   6.23172876e+04   3.30616307e+01   4.38704745e+01
    4.79260040e+04]
 [  3.28582059e+01   2.68580359e+01   1.11138751e+05   3.27603994e+01
    1.38035737e+01   6.28275650e+04   3.29854010e+01   4.38350580e+01
    4.83111862e+04]
 [  3.25592361e+01   2.68094316e+01   1.16808179e+05   3.28888556e+01
    1.37580106e+01   6.53477001e+04   3.21406647e+01   4.33829337e+01
    5.14604785e+04]]
0.610022944146,0.74437876865,0.920566892241,0.127970702651,0.560520917729,0.133022303583
