[[  4.31553546e+01   2.62121601e+01   9.13684166e+04   4.66662785e+01
    1.40393664e+01   5.43445117e+04   3.80019424e+01   4.40796576e+01
    3.70239048e+04]
 [  4.30631214e+01   2.63258040e+01   9.19028452e+04   4.66800755e+01
    1.40224556e+01   5.42174327e+04   3.78594642e+01   4.40264452e+01
    3.76854125e+04]
 [  4.31417908e+01   2.61876559e+01   9.24484347e+04   4.67343672e+01
    1.40274134e+01   5.49275089e+04   3.78825582e+01   4.39892376e+01
    3.75209258e+04]
 [  4.31630506e+01   2.61382013e+01   9.28972949e+04   4.67410153e+01
    1.40296077e+01   5.53450900e+04   3.78897843e+01   4.39840563e+01
    3.75522048e+04]
 [  4.31111512e+01   2.62679711e+01   9.36667906e+04   4.67397346e+01
    1.40360713e+01   5.54630475e+04   3.78432827e+01   4.40258760e+01
    3.82037430e+04]
 [  4.31720699e+01   2.60968969e+01   9.32474221e+04   4.67811196e+01
    1.40515580e+01   5.57300311e+04   3.78110241e+01   4.39895887e+01
    3.75173910e+04]
 [  4.22239814e+01   2.53619458e+01   9.08558290e+04   4.59844863e+01
    1.39418218e+01   5.66295285e+04   3.60019939e+01   4.42572464e+01
    3.42263005e+04]
 [  4.21635577e+01   2.60605525e+01   8.74590850e+04   4.63108310e+01
    1.39409211e+01   5.24180532e+04   3.59596311e+01   4.41903691e+01
    3.50410318e+04]
 [  4.21076251e+01   2.59787850e+01   8.80857249e+04   4.62798645e+01
    1.39439274e+01   5.30626608e+04   3.57863587e+01   4.42125283e+01
    3.50230642e+04]
 [  4.22672855e+01   2.57357464e+01   8.95405776e+04   4.64717518e+01
    1.40013087e+01   5.47774132e+04   3.56421755e+01   4.42260695e+01
    3.47631643e+04]]
0.46484774149,0.274655563384,0.254011213613,0.0418851078706,1.00155264407,0.105182555509
