[[  3.43810923e+01   2.93863990e+01   6.72846341e+04   3.68330409e+01
    1.85855096e+01   3.87874205e+04   3.10437569e+01   4.40874376e+01
    2.84972136e+04]
 [  3.46473240e+01   2.92504162e+01   6.78876042e+04   3.68960749e+01
    1.85958671e+01   3.95475598e+04   3.15092691e+01   4.41184739e+01
    2.83400445e+04]
 [  3.48444353e+01   2.95391079e+01   7.13060233e+04   3.68629501e+01
    1.85800171e+01   4.02566595e+04   3.22273556e+01   4.37479783e+01
    3.10493638e+04]
 [  3.42209216e+01   2.97715362e+01   7.01805445e+04   3.58723501e+01
    1.82320584e+01   3.88922117e+04   3.21681530e+01   4.41154073e+01
    3.12883327e+04]
 [  3.23339229e+01   3.05096535e+01   6.82649920e+04   3.37939258e+01
    1.73514620e+01   3.60623899e+04   3.06989247e+01   4.52449791e+01
    3.22026021e+04]
 [  3.26039052e+01   3.05827832e+01   7.07702358e+04   3.32749257e+01
    1.71997312e+01   3.64822260e+04   3.18899436e+01   4.48222660e+01
    3.42880098e+04]
 [  3.27015987e+01   3.04551104e+01   7.29019374e+04   3.33625553e+01
    1.72302612e+01   3.79796090e+04   3.19827785e+01   4.48377310e+01
    3.49223284e+04]
 [  3.28961436e+01   3.04377864e+01   7.43978530e+04   3.35478332e+01
    1.71950097e+01   3.85742648e+04   3.21944147e+01   4.46973959e+01
    3.58235882e+04]
 [  3.28486021e+01   3.02315654e+01   7.59228412e+04   3.35691942e+01
    1.72227523e+01   4.00715038e+04   3.20431869e+01   4.47716843e+01
    3.58513374e+04]
 [  3.30800535e+01   3.00256213e+01   7.69902973e+04   3.38768870e+01
    1.73590465e+01   4.13019081e+04   3.21578841e+01   4.46845544e+01
    3.56883892e+04]]
0.903651319803,0.474534973036,1.52546694931,0.616864189402,0.507004415691,0.441285768114
