[[  3.34718730e+01   3.16680526e+01   1.38758171e+05   3.49084996e+01
    1.60687038e+01   6.80804174e+04   3.20880410e+01   4.66941410e+01
    7.06777540e+04]
 [  3.35299255e+01   3.16524685e+01   1.41107390e+05   3.50240924e+01
    1.60801372e+01   6.93432403e+04   3.20861633e+01   4.66994790e+01
    7.17641496e+04]
 [  3.37181923e+01   3.18339512e+01   1.43554369e+05   3.53140211e+01
    1.61092989e+01   6.96467022e+04   3.22143671e+01   4.66520373e+01
    7.39076673e+04]
 [  3.41432286e+01   3.21691600e+01   1.43959975e+05   3.60415697e+01
    1.62815183e+01   6.85201664e+04   3.24190110e+01   4.65995234e+01
    7.54398081e+04]
 [  3.38893310e+01   3.19037356e+01   1.48061955e+05   3.56121394e+01
    1.61728803e+01   7.15775054e+04   3.22770513e+01   4.66253605e+01
    7.64844494e+04]
 [  3.38300641e+01   3.15966380e+01   1.49984114e+05   3.52823908e+01
    1.60776640e+01   7.37974671e+04   3.24232818e+01   4.66289438e+01
    7.61866470e+04]
 [  3.39961622e+01   3.18418391e+01   1.49265475e+05   3.56158917e+01
    1.61764390e+01   7.24868655e+04   3.24669718e+01   4.66315801e+01
    7.67786097e+04]
 [  3.41366822e+01   3.17514819e+01   1.49850454e+05   3.56802768e+01
    1.62006490e+01   7.32226323e+04   3.26616819e+01   4.66112665e+01
    7.66278218e+04]
 [  3.42087969e+01   3.18182098e+01   1.50733336e+05   3.57348037e+01
    1.62117627e+01   7.33400682e+04   3.27627093e+01   4.66073243e+01
    7.73932677e+04]
 [  3.42563079e+01   3.18590440e+01   1.51744112e+05   3.57769573e+01
    1.62320919e+01   7.36519394e+04   3.28221209e+01   4.65974652e+01
    7.80921722e+04]]
0.264911875238,0.153542279184,0.337925382555,0.069844297444,0.249819191589,0.0347600527785
