[[  4.19723320e+01   3.02148546e+01   5.47260313e+04   4.55735326e+01
    1.57904116e+01   2.78885385e+04   3.82300964e+01   4.52042070e+01
    2.68374928e+04]
 [  4.14180400e+01   2.88151965e+01   6.24427288e+04   4.33978477e+01
    1.55362404e+01   3.43909634e+04   3.89908310e+01   4.50949594e+01
    2.80517654e+04]
 [  4.23068651e+01   2.92066968e+01   6.33090504e+04   4.51557990e+01
    1.54731251e+01   3.38894326e+04   3.90250837e+01   4.50268533e+01
    2.94196178e+04]
 [  4.25813614e+01   2.90264447e+01   6.53407539e+04   4.52918393e+01
    1.57900574e+01   3.57627389e+04   3.93041262e+01   4.50305432e+01
    2.95780150e+04]
 [  4.22562430e+01   2.87063179e+01   6.87195180e+04   4.47818011e+01
    1.56503730e+01   3.81792449e+04   3.90989726e+01   4.50279177e+01
    3.05402731e+04]
 [  4.24097829e+01   2.85793094e+01   7.05707017e+04   4.49793001e+01
    1.56929521e+01   3.95489969e+04   3.91339530e+01   4.50078875e+01
    3.10217048e+04]
 [  4.25578236e+01   2.84078652e+01   7.19733981e+04   4.51422374e+01
    1.57124604e+01   4.07746414e+04   3.91801715e+01   4.49998911e+01
    3.11987567e+04]
 [  4.24105448e+01   2.78638645e+01   7.49806310e+04   4.46867430e+01
    1.55864008e+01   4.36687367e+04   3.92360737e+01   4.49864738e+01
    3.13118943e+04]
 [  4.27711628e+01   2.75609234e+01   7.64554274e+04   4.49589726e+01
    1.56594857e+01   4.54141082e+04   3.95703506e+01   4.49729792e+01
    3.10413192e+04]
 [  4.33104775e+01   2.75114622e+01   7.71102798e+04   4.57719591e+01
    1.58369562e+01   4.62158653e+04   3.96282745e+01   4.49756999e+01
    3.08944144e+04]]
0.469171707227,0.77833106023,0.61339396432,0.110982776432,0.364210929051,0.0663303197217
