[[  3.18102283e+01   3.02907183e+01   1.22439402e+05   3.31272166e+01
    1.38399608e+01   5.17119165e+04   3.08473213e+01   4.23185770e+01
    7.07274854e+04]
 [  3.22054279e+01   2.98868641e+01   1.23639280e+05   3.35124869e+01
    1.39467689e+01   5.37515263e+04   3.12001528e+01   4.21465864e+01
    6.98877535e+04]
 [  3.25730616e+01   2.88868609e+01   1.25905596e+05   3.35533239e+01
    1.38460710e+01   5.84093346e+04   3.17247706e+01   4.19027305e+01
    6.74962611e+04]
 [  3.29675535e+01   2.84768573e+01   1.24109165e+05   3.37392349e+01
    1.38726896e+01   5.93389571e+04   3.22605809e+01   4.18564048e+01
    6.47702083e+04]
 [  3.27605352e+01   2.85165943e+01   1.27832494e+05   3.35165542e+01
    1.38298419e+01   6.08135605e+04   3.20745170e+01   4.18434806e+01
    6.70189331e+04]
 [  3.24518220e+01   2.80312750e+01   1.31950442e+05   3.30687772e+01
    1.36885856e+01   6.48174014e+04   3.18561475e+01   4.18792379e+01
    6.71330407e+04]
 [  3.24809669e+01   2.78922802e+01   1.33648973e+05   3.34404227e+01
    1.37267472e+01   6.63438175e+04   3.15352152e+01   4.18554829e+01
    6.73051559e+04]
 [  3.26083731e+01   2.76976183e+01   1.34422564e+05   3.36206019e+01
    1.37658618e+01   6.75984651e+04   3.15844144e+01   4.17908179e+01
    6.68240986e+04]
 [  3.26394384e+01   2.76684297e+01   1.35871409e+05   3.36542654e+01
    1.37680912e+01   6.83663450e+04   3.16116634e+01   4.17461193e+01
    6.75050641e+04]
 [  3.24297115e+01   2.75994418e+01   1.37634145e+05   3.33182870e+01
    1.37197359e+01   6.94966514e+04   3.15234114e+01   4.17560102e+01
    6.81374934e+04]]
0.298774344394,0.895299515355,0.209808064123,0.0760512989801,0.384030807562,0.172901394075
