[[  3.41123537e+01   2.75814759e+01   9.25590080e+04   3.29623721e+01
    1.10708505e+01   4.41203369e+04   3.51598138e+01   4.26201700e+01
    4.84386711e+04]
 [  3.36927326e+01   2.75417624e+01   9.73896148e+04   3.22137150e+01
    1.10369428e+01   4.64575636e+04   3.50418154e+01   4.25965990e+01
    5.09320513e+04]
 [  3.36376560e+01   2.75626395e+01   1.02442496e+05   3.21935683e+01
    1.10417998e+01   4.87030048e+04   3.49464033e+01   4.25351395e+01
    5.37394916e+04]
 [  3.41606515e+01   2.77615200e+01   1.02961449e+05   3.29050189e+01
    1.10569973e+01   4.83445517e+04   3.52720839e+01   4.25476520e+01
    5.46168975e+04]
 [  3.41711867e+01   2.79231569e+01   1.05922989e+05   3.29756263e+01
    1.10706975e+01   4.90577939e+04   3.52026007e+01   4.24618300e+01
    5.68651952e+04]
 [  3.44421975e+01   2.84817381e+01   1.02835640e+05   3.32261345e+01
    1.10882875e+01   4.59168551e+04   3.54232056e+01   4.25131788e+01
    5.69187846e+04]
 [  3.41678542e+01   2.85626728e+01   1.04698790e+05   3.25288148e+01
    1.10858599e+01   4.64904042e+04   3.54769370e+01   4.25212130e+01
    5.82083858e+04]
 [  3.36218490e+01   2.88681411e+01   1.08629709e+05   3.23030683e+01
    1.10534553e+01   4.68289161e+04   3.46211415e+01   4.23670364e+01
    6.18007926e+04]
 [  3.29509910e+01   2.79353988e+01   1.18303935e+05   3.18285281e+01
    1.05544186e+01   5.35817657e+04   3.38802482e+01   4.23246509e+01
    6.47221693e+04]
 [  3.24812966e+01   2.74671073e+01   1.20603441e+05   3.15299841e+01
    1.05801574e+01   5.63871696e+04   3.33166272e+01   4.22952387e+01
    6.42162711e+04]]
0.584041507258,0.471148713405,0.522254434347,0.199051476064,0.67139132135,0.107233657234
