[[  3.25865715e+01   2.53999381e+01   1.28814029e+05   3.42297454e+01
    1.39455509e+01   7.87304765e+04   3.00035306e+01   4.34060361e+01
    5.00835526e+04]
 [  3.26047403e+01   2.53514715e+01   1.31981298e+05   3.41108798e+01
    1.38719249e+01   8.06258122e+04   3.02401689e+01   4.33738455e+01
    5.13554854e+04]
 [  3.20652201e+01   2.54112164e+01   1.36572388e+05   3.33978078e+01
    1.38815292e+01   8.31118954e+04   2.99935240e+01   4.33357457e+01
    5.34604922e+04]
 [  3.17318697e+01   2.52195626e+01   1.40584435e+05   3.29751141e+01
    1.37918211e+01   8.63194000e+04   2.97542407e+01   4.33976730e+01
    5.42650348e+04]
 [  3.17812528e+01   2.48595528e+01   1.44062867e+05   3.29838328e+01
    1.38018246e+01   9.02546714e+04   2.97641164e+01   4.34071294e+01
    5.38081954e+04]
 [  3.28084958e+01   2.38052525e+01   1.40496577e+05   3.34393232e+01
    1.38739645e+01   9.31210256e+04   3.15685463e+01   4.33261169e+01
    4.73755515e+04]
 [  3.26466802e+01   2.34358019e+01   1.44896328e+05   3.31225116e+01
    1.38269964e+01   9.76532935e+04   3.16631171e+01   4.32975976e+01
    4.72430347e+04]
 [  3.24889735e+01   2.35705980e+01   1.46742884e+05   3.30822486e+01
    1.38025518e+01   9.81804980e+04   3.12895258e+01   4.33190435e+01
    4.85623864e+04]
 [  3.17547386e+01   2.39756571e+01   1.51063810e+05   3.26838061e+01
    1.37149824e+01   9.86653889e+04   3.00053194e+01   4.32963436e+01
    5.23984208e+04]
 [  3.15154782e+01   2.43104906e+01   1.51975999e+05   3.24348612e+01
    1.36766938e+01   9.76293378e+04   2.98638816e+01   4.34132381e+01
    5.43466609e+04]]
0.452328573699,0.760957047991,0.541698657948,0.0762794819419,0.732297483287,0.0448012936602
