[[  4.14366019e+01   3.17713728e+01   9.54420044e+04   3.66211764e+01
    1.35463010e+01   3.97048415e+04   4.48669112e+01   4.47541575e+01
    5.57371629e+04]
 [  4.13434131e+01   3.14994589e+01   9.58582868e+04   3.63199857e+01
    1.35083477e+01   4.05819216e+04   4.50314331e+01   4.47078865e+01
    5.52763652e+04]
 [  4.13216170e+01   3.14811136e+01   9.65847166e+04   3.63828420e+01
    1.35332743e+01   4.10000728e+04   4.49645321e+01   4.47197108e+01
    5.55846439e+04]
 [  4.12585886e+01   3.13555579e+01   9.69779753e+04   3.63896156e+01
    1.35065957e+01   4.15304714e+04   4.49054750e+01   4.47245242e+01
    5.54475039e+04]
 [  4.10426442e+01   3.11185890e+01   9.80766504e+04   3.61087808e+01
    1.34362617e+01   4.26596726e+04   4.48407041e+01   4.47303434e+01
    5.54169778e+04]
 [  4.13153227e+01   3.13070791e+01   9.92316140e+04   3.63078179e+01
    1.34823721e+01   4.25950730e+04   4.50813547e+01   4.47126416e+01
    5.66365410e+04]
 [  4.15419113e+01   3.13306365e+01   9.96352307e+04   3.63229017e+01
    1.34751357e+01   4.26158555e+04   4.54425602e+01   4.46757045e+01
    5.70193752e+04]
 [  4.18143515e+01   3.13930276e+01   9.97751223e+04   3.64663275e+01
    1.34420987e+01   4.23681305e+04   4.57613581e+01   4.46413668e+01
    5.74069918e+04]
 [  4.15544075e+01   3.10094185e+01   1.00410227e+05   3.61866334e+01
    1.34172293e+01   4.37769919e+04   4.57036496e+01   4.46080257e+01
    5.66332353e+04]
 [  4.15552466e+01   3.07796010e+01   1.00346448e+05   3.62066809e+01
    1.34002774e+01   4.43931975e+04   4.57987879e+01   4.45683218e+01
    5.59532505e+04]]
0.200483402303,0.263715800272,0.139657127406,0.0470617475406,0.373516975921,0.0569362769021
