[[  4.60273759e+01   3.15185776e+01   1.67312866e+05   4.58349331e+01
    1.43918273e+01   6.92174605e+04   4.61631662e+01   4.36034471e+01
    9.80954054e+04]
 [  4.60017917e+01   3.14630651e+01   1.68703432e+05   4.58325822e+01
    1.44065655e+01   7.01400095e+04   4.61222050e+01   4.36008645e+01
    9.85634223e+04]
 [  4.57798513e+01   3.14170924e+01   1.69427021e+05   4.57980507e+01
    1.44047577e+01   7.07500664e+04   4.57668025e+01   4.36147105e+01
    9.86769545e+04]
 [  4.58452288e+01   3.13581176e+01   1.69754419e+05   4.57892891e+01
    1.43965348e+01   7.12750898e+04   4.58857155e+01   4.36341796e+01
    9.84793287e+04]
 [  4.57911378e+01   3.13171797e+01   1.69741613e+05   4.57709143e+01
    1.43929285e+01   7.15284049e+04   4.58058665e+01   4.36430644e+01
    9.82132082e+04]
 [  4.57190842e+01   3.13007701e+01   1.70933742e+05   4.57659591e+01
    1.43985307e+01   7.21674868e+04   4.56848332e+01   4.36510625e+01
    9.87662553e+04]
 [  4.57290222e+01   3.12710313e+01   1.71703280e+05   4.57895709e+01
    1.44057456e+01   7.26731781e+04   4.56845886e+01   4.36476107e+01
    9.90301018e+04]
 [  4.56761694e+01   3.13490843e+01   1.73770259e+05   4.58641234e+01
    1.44118795e+01   7.31247428e+04   4.55396101e+01   4.36549355e+01
    1.00645517e+05]
 [  4.58362008e+01   3.12816368e+01   1.74160468e+05   4.59585434e+01
    1.44385747e+01   7.36973473e+04   4.57464532e+01   4.36373051e+01
    1.00463121e+05]
 [  4.58833155e+01   3.12433025e+01   1.76048977e+05   4.59575028e+01
    1.44297946e+01   7.47072649e+04   4.58286260e+01   4.36379144e+01
    1.01341712e+05]]
0.110344306214,0.0845727697574,0.0674558691057,0.0146680856366,0.183594617902,0.0184511001536
