[[  3.46736106e+01   2.98650851e+01   1.82432671e+05   3.24221240e+01
    1.38745467e+01   8.86880809e+04   3.68036537e+01   4.49931064e+01
    9.37445905e+04]
 [  3.51830448e+01   2.92767037e+01   1.90413393e+05   3.33514744e+01
    1.39945353e+01   9.64557784e+04   3.70633134e+01   4.49651974e+01
    9.39576148e+04]
 [  3.51173811e+01   2.92097936e+01   1.95177242e+05   3.32928547e+01
    1.39389277e+01   9.91410525e+04   3.70008948e+01   4.49743686e+01
    9.60361898e+04]
 [  3.49438273e+01   2.94497998e+01   1.93958979e+05   3.28821721e+01
    1.37523207e+01   9.65466478e+04   3.69871611e+01   4.50077787e+01
    9.74123315e+04]
 [  3.58547749e+01   2.92779855e+01   1.99079196e+05   3.41791208e+01
    1.38169798e+01   1.00074006e+05   3.75485186e+01   4.49059016e+01
    9.90051893e+04]
 [  3.61678467e+01   2.90999867e+01   2.06449951e+05   3.41985406e+01
    1.39007955e+01   1.04778421e+05   3.81973311e+01   4.47636367e+01
    1.01671530e+05]
 [  3.64141458e+01   2.90672942e+01   2.06292820e+05   3.45757001e+01
    1.38247277e+01   1.04666319e+05   3.83075825e+01   4.47657913e+01
    1.01626501e+05]
 [  3.60734167e+01   2.87294006e+01   2.06864246e+05   3.45783982e+01
    1.38206472e+01   1.07768054e+05   3.76992635e+01   4.49428121e+01
    9.90961918e+04]
 [  3.55395258e+01   2.81918214e+01   2.11292351e+05   3.40001440e+01
    1.39425664e+01   1.14097499e+05   3.73466133e+01   4.49190895e+01
    9.71948523e+04]
 [  3.51884926e+01   2.78692130e+01   2.10793898e+05   3.40148298e+01
    1.39315011e+01   1.15875038e+05   3.66212766e+01   4.48840917e+01
    9.49188598e+04]]
0.554222206532,0.562849064947,0.690669743596,0.0710427068239,0.54415223327,0.0822652191291
