[[  3.79927524e+01   2.70627969e+01   1.32957700e+05   3.73634370e+01
    1.32341866e+01   7.42364701e+04   3.87883446e+01   4.45451830e+01
    5.87212297e+04]
 [  3.86703326e+01   2.86318890e+01   1.25036547e+05   3.84268863e+01
    1.31728222e+01   6.31063235e+04   3.89184020e+01   4.43845345e+01
    6.19302240e+04]
 [  3.86627797e+01   2.87919065e+01   1.26962612e+05   3.91316882e+01
    1.34772607e+01   6.38176402e+04   3.81888760e+01   4.42696956e+01
    6.31449719e+04]
 [  3.82353509e+01   2.74891219e+01   1.37770699e+05   3.82381717e+01
    1.33311836e+01   7.46511918e+04   3.82320148e+01   4.42336597e+01
    6.31195070e+04]
 [  3.80581316e+01   2.74017213e+01   1.38478321e+05   3.81325096e+01
    1.32909517e+01   7.53303271e+04   3.79694048e+01   4.42347008e+01
    6.31479941e+04]
 [  3.81252138e+01   2.73249251e+01   1.39324924e+05   3.84244365e+01
    1.33176788e+01   7.63322795e+04   3.77626263e+01   4.42984155e+01
    6.29926443e+04]
 [  3.84068636e+01   2.73958046e+01   1.40916891e+05   3.87945870e+01
    1.34104234e+01   7.69562781e+04   3.79403616e+01   4.42227680e+01
    6.39606131e+04]
 [  3.83428177e+01   2.71569665e+01   1.41336657e+05   3.89014378e+01
    1.34887642e+01   7.85586447e+04   3.76437762e+01   4.42609717e+01
    6.27780119e+04]
 [  3.86280034e+01   2.75353126e+01   1.42527106e+05   3.91932570e+01
    1.35664469e+01   7.77102885e+04   3.79503085e+01   4.42828887e+01
    6.48168174e+04]
 [  3.87807694e+01   2.76421292e+01   1.41602670e+05   3.94028585e+01
    1.36414766e+01   7.68704744e+04   3.80420290e+01   4.42681186e+01
    6.47321954e+04]]
0.269596249729,0.559152886401,0.578558028387,0.142129132608,0.392450463836,0.0925439465771
