[[  3.65164597e+01   3.06292564e+01   1.00449802e+05   3.64110253e+01
    1.10318295e+01   4.03866779e+04   3.65873542e+01   4.38066423e+01
    6.00631241e+04]
 [  3.60226812e+01   2.98100827e+01   1.10081140e+05   3.55266386e+01
    1.12400663e+01   4.75233372e+04   3.63995104e+01   4.39171822e+01
    6.25578033e+04]
 [  3.62751323e+01   3.09390561e+01   1.06863127e+05   3.63547833e+01
    1.10144884e+01   4.20234536e+04   3.62235095e+01   4.38524331e+01
    6.48396733e+04]
 [  3.63311814e+01   2.99685944e+01   1.13671374e+05   3.60773251e+01
    1.11751453e+01   4.83234337e+04   3.65189028e+01   4.38659566e+01
    6.53479403e+04]
 [  3.64860075e+01   2.97691075e+01   1.17439125e+05   3.63127103e+01
    1.13153329e+01   5.08159571e+04   3.66181877e+01   4.38444846e+01
    6.66231681e+04]
 [  3.66348567e+01   3.10334286e+01   1.09898339e+05   3.65592471e+01
    1.11422482e+01   4.30489560e+04   3.66835470e+01   4.38427397e+01
    6.68493832e+04]
 [  3.66188718e+01   3.14346254e+01   1.09921981e+05   3.64633625e+01
    1.10064692e+01   4.14379438e+04   3.67129665e+01   4.37951815e+01
    6.84840376e+04]
 [  3.56901937e+01   3.17529246e+01   1.16158772e+05   3.61321726e+01
    1.08700743e+01   4.16045302e+04   3.54435501e+01   4.34064690e+01
    7.45542421e+04]
 [  3.51942417e+01   3.17268129e+01   1.19978408e+05   3.59600702e+01
    1.10445415e+01   4.32375786e+04   3.47627559e+01   4.33796885e+01
    7.67408294e+04]
 [  3.48371341e+01   3.06476422e+01   1.29401900e+05   3.51120801e+01
    1.11591682e+01   5.10188327e+04   3.46581741e+01   4.33325145e+01
    7.83830670e+04]]
0.594604113299,0.708630924674,0.432998286535,0.123922684183,0.760618678225,0.219828598559
