[[  3.95727805e+01   2.99337850e+01   4.53345537e+04   4.05861167e+01
    1.32139085e+01   2.18471663e+04   3.86302098e+01   4.54860435e+01
    2.34873874e+04]
 [  3.92409062e+01   2.94719711e+01   4.65538119e+04   3.98601493e+01
    1.29842617e+01   2.29293967e+04   3.86398809e+01   4.54746203e+01
    2.36244152e+04]
 [  3.83362957e+01   2.86690010e+01   4.34745500e+04   4.02566089e+01
    1.31787667e+01   2.27754038e+04   3.62233628e+01   4.57130054e+01
    2.06991462e+04]
 [  3.87471432e+01   2.90289909e+01   4.29319193e+04   4.11140540e+01
    1.34647658e+01   2.22134064e+04   3.62094537e+01   4.57162145e+01
    2.07185129e+04]
 [  3.83623052e+01   2.84734679e+01   4.41258220e+04   4.03156511e+01
    1.31477701e+01   2.33578529e+04   3.61653658e+01   4.57103674e+01
    2.07679691e+04]
 [  3.98650023e+01   2.98912088e+01   4.66583938e+04   4.11067478e+01
    1.34628902e+01   2.26998368e+04   3.86884949e+01   4.54564262e+01
    2.39585570e+04]
 [  4.00518201e+01   2.95920501e+01   4.60330553e+04   4.11117780e+01
    1.34554271e+01   2.27437526e+04   3.90166917e+01   4.53506740e+01
    2.32893027e+04]
 [  3.93194160e+01   2.86465758e+01   4.82905160e+04   3.95517247e+01
    1.27426428e+01   2.47809506e+04   3.90745441e+01   4.54105853e+01
    2.35095654e+04]
 [  3.96589517e+01   2.89327787e+01   4.80994583e+04   4.02326955e+01
    1.29706161e+01   2.44225546e+04   3.90671391e+01   4.53976339e+01
    2.36769036e+04]
 [  3.93048944e+01   2.74064880e+01   4.71286783e+04   3.93238736e+01
    1.26877851e+01   2.56289362e+04   3.92822702e+01   4.49520332e+01
    2.14997420e+04]]
0.563564148453,0.727709954256,0.612056569624,0.27032501298,1.26019213051,0.216587850059
